xof 0303txt 0032
template ColorRGBA {
 <35ff44e0-6c7c-11cf-8f52-0040333594a3>
 FLOAT red;
 FLOAT green;
 FLOAT blue;
 FLOAT alpha;
}

template ColorRGB {
 <d3e16e81-7835-11cf-8f52-0040333594a3>
 FLOAT red;
 FLOAT green;
 FLOAT blue;
}

template Material {
 <3d82ab4d-62da-11cf-ab39-0020af71e433>
 ColorRGBA faceColor;
 FLOAT power;
 ColorRGB specularColor;
 ColorRGB emissiveColor;
 [...]
}

template TextureFilename {
 <a42790e1-7810-11cf-8f52-0040333594a3>
 STRING filename;
}

template Frame {
 <3d82ab46-62da-11cf-ab39-0020af71e433>
 [...]
}

template Matrix4x4 {
 <f6f23f45-7686-11cf-8f52-0040333594a3>
 array FLOAT matrix[16];
}

template FrameTransformMatrix {
 <f6f23f41-7686-11cf-8f52-0040333594a3>
 Matrix4x4 frameMatrix;
}

template Vector {
 <3d82ab5e-62da-11cf-ab39-0020af71e433>
 FLOAT x;
 FLOAT y;
 FLOAT z;
}

template MeshFace {
 <3d82ab5f-62da-11cf-ab39-0020af71e433>
 DWORD nFaceVertexIndices;
 array DWORD faceVertexIndices[nFaceVertexIndices];
}

template Mesh {
 <3d82ab44-62da-11cf-ab39-0020af71e433>
 DWORD nVertices;
 array Vector vertices[nVertices];
 DWORD nFaces;
 array MeshFace faces[nFaces];
 [...]
}

template MeshMaterialList {
 <f6f23f42-7686-11cf-8f52-0040333594a3>
 DWORD nMaterials;
 DWORD nFaceIndexes;
 array DWORD faceIndexes[nFaceIndexes];
 [Material <3d82ab4d-62da-11cf-ab39-0020af71e433>]
}

template VertexElement {
 <f752461c-1e23-48f6-b9f8-8350850f336f>
 DWORD Type;
 DWORD Method;
 DWORD Usage;
 DWORD UsageIndex;
}

template DeclData {
 <bf22e553-292c-4781-9fea-62bd554bdd93>
 DWORD nElements;
 array VertexElement Elements[nElements];
 DWORD nDWords;
 array DWORD data[nDWords];
}

template XSkinMeshHeader {
 <3cf169ce-ff7c-44ab-93c0-f78f62d172e2>
 WORD nMaxSkinWeightsPerVertex;
 WORD nMaxSkinWeightsPerFace;
 WORD nBones;
}

template SkinWeights {
 <6f0d123b-bad2-4167-a0d0-80224f25fabb>
 STRING transformNodeName;
 DWORD nWeights;
 array DWORD vertexIndices[nWeights];
 array FLOAT weights[nWeights];
 Matrix4x4 matrixOffset;
}

template AnimTicksPerSecond {
 <9e415a43-7ba6-4a73-8743-b73d47e88476>
 DWORD AnimTicksPerSecond;
}

template Animation {
 <3d82ab4f-62da-11cf-ab39-0020af71e433>
 [...]
}

template AnimationSet {
 <3d82ab50-62da-11cf-ab39-0020af71e433>
 [Animation <3d82ab4f-62da-11cf-ab39-0020af71e433>]
}

template FloatKeys {
 <10dd46a9-775b-11cf-8f52-0040333594a3>
 DWORD nValues;
 array FLOAT values[nValues];
}

template TimedFloatKeys {
 <f406b180-7b3b-11cf-8f52-0040333594a3>
 DWORD time;
 FloatKeys tfkeys;
}

template AnimationKey {
 <10dd46a8-775b-11cf-8f52-0040333594a3>
 DWORD keyType;
 DWORD nKeys;
 array TimedFloatKeys keys[nKeys];
}


Material Material__94 {
 1.000000;1.000000;1.000000;1.000000;;
 10.000000;
 0.000000;0.000000;0.000000;;
 0.000000;0.000000;0.000000;;

 TextureFilename {
  "CH_NPC_MOB_CarrionC_A01_D_ATR.tga";
 }
}

Frame Root {
 

 FrameTransformMatrix {
  1.000000,0.000000,0.000000,0.000000,0.000000,1.000000,0.000000,0.000000,0.000000,0.000000,1.000000,0.000000,0.000000,0.000000,0.000000,1.000000;;
 }

 Frame Bip01 {
  

  FrameTransformMatrix {
   0.121042,-0.992647,0.000001,0.000000,0.992647,0.121042,-0.000000,0.000000,0.000000,0.000001,1.000000,0.000000,0.334593,5.734311,-0.000000,1.000000;;
  }

  Frame Bip01-Pelvis {
   

   FrameTransformMatrix {
    -0.107675,0.994186,-0.000022,0.000000,-0.000022,0.000020,1.000000,0.000000,0.994186,0.107675,0.000020,0.000000,0.000000,0.000000,0.000000,1.000000;;
   }

   Frame Bip01-Spine {
    

    FrameTransformMatrix {
     0.999174,0.000001,-0.040642,0.000000,0.000001,1.000000,0.000061,0.000000,0.040642,-0.000061,0.999174,0.000000,1.583162,0.000002,0.157046,1.000000;;
    }

    Frame Bip01-Spine1 {
     

     FrameTransformMatrix {
      0.981818,0.001826,-0.189816,0.000000,-0.015418,0.997417,-0.070156,0.000000,0.189198,0.071807,0.979310,0.000000,1.931662,-0.000000,-0.001719,1.000000;;
     }

     Frame Bip01-Neck {
      

      FrameTransformMatrix {
       0.758934,0.033950,-0.650282,0.000000,-0.020654,0.999392,0.028072,0.000000,0.650840,-0.007873,0.759174,0.000000,2.190281,-0.000001,-0.505250,1.000000;;
      }

      Frame Bip01-Neck1 {
       

       FrameTransformMatrix {
        0.982351,0.017418,-0.186236,0.000000,-0.017098,0.999848,0.003323,0.000000,0.186266,-0.000080,0.982499,0.000000,1.099419,0.000000,-0.000872,1.000000;;
       }

       Frame Bip01-Head {
        

        FrameTransformMatrix {
         -0.257977,-0.047443,0.964986,0.000000,-0.041724,0.998409,0.037932,0.000000,-0.965250,-0.030477,-0.259546,0.000000,1.099498,0.000000,0.000000,1.000000;;
        }

        Frame Bip01-HeadNub {
         

         FrameTransformMatrix {
          1.000000,-0.000000,0.000000,0.000000,0.000000,1.000000,0.000000,0.000000,0.000000,0.000000,1.000000,0.000000,2.736677,0.000000,0.000000,1.000000;;
         }
        }

        Frame BN_Mouth_01 {
         

         FrameTransformMatrix {
          0.995973,0.000141,-0.089659,0.000000,0.000198,-1.000000,0.000623,0.000000,-0.089659,-0.000638,-0.995972,0.000000,1.649951,0.000003,0.026217,1.000000;;
         }
        }
       }
      }
     }
    }

    Frame Bip01-L-Thigh {
     

     FrameTransformMatrix {
      -0.647150,-0.019841,0.762105,0.000000,-0.040202,-0.997382,-0.060105,0.000000,0.761303,-0.069535,0.644658,0.000000,-1.565475,1.359750,-0.283471,1.000000;;
     }

     Frame Bip01-L-Calf {
      

      FrameTransformMatrix {
       0.853708,-0.000000,-0.520752,0.000000,0.000000,1.000000,0.000000,0.000000,0.520752,-0.000000,0.853708,0.000000,1.545737,-0.000000,0.000000,1.000000;;
      }

      Frame Bip01-L-HorseLink {
       

       FrameTransformMatrix {
        -0.344806,-0.000000,0.938674,0.000000,-0.000000,1.000000,0.000000,0.000000,-0.938674,0.000000,-0.344806,0.000000,2.410712,0.000000,0.000000,1.000000;;
       }

       Frame Bip01-L-Foot {
        

        FrameTransformMatrix {
         0.620346,-0.055094,-0.782391,0.000000,0.252737,0.958363,0.132906,0.000000,0.742492,-0.280187,0.608441,0.000000,3.916457,0.000000,-0.000001,1.000000;;
        }

        Frame Bip01-L-Toe0 {
         

         FrameTransformMatrix {
          0.215740,-0.515927,0.829020,0.000000,0.000026,0.849017,0.528365,0.000000,-0.976451,-0.113968,0.183181,0.000000,0.553931,-0.347922,0.270855,1.000000;;
         }

         Frame Bip01-L-Toe01 {
          

          FrameTransformMatrix {
           0.897526,-0.000000,0.440961,0.000000,0.000000,1.000000,0.000000,0.000000,-0.440961,-0.000000,0.897526,0.000000,0.893033,0.000000,-0.000000,1.000000;;
          }

          Frame Bip01-L-Toe02 {
           

           FrameTransformMatrix {
            0.484469,-0.000000,-0.874808,0.000000,0.000000,1.000000,0.000000,0.000000,0.874808,0.000000,0.484469,0.000000,0.825875,-0.000000,-0.000000,1.000000;;
           }

           Frame Bip01-L-Toe0Nub {
            

            FrameTransformMatrix {
             -1.000000,0.000049,-0.000688,0.000000,0.000049,1.000000,-0.000012,0.000000,0.000688,-0.000012,-1.000000,0.000000,0.605337,-0.000000,-0.000000,1.000000;;
            }
           }
          }
         }
        }

        Frame Bip01-L-Toe1 {
         

         FrameTransformMatrix {
          0.304102,-0.044759,0.951588,0.000000,-0.000018,0.998896,0.046990,0.000000,-0.952640,-0.014307,0.303765,0.000000,0.541262,0.028072,0.527657,1.000000;;
         }

         Frame Bip01-L-Toe11 {
          

          FrameTransformMatrix {
           0.855518,-0.000000,0.517772,0.000000,-0.000000,1.000000,0.000000,0.000000,-0.517772,0.000000,0.855518,0.000000,0.890258,-0.000000,-0.000000,1.000000;;
          }

          Frame Bip01-L-Toe12 {
           

           FrameTransformMatrix {
            0.782527,0.000000,-0.622617,0.000000,0.000000,1.000000,0.000000,0.000000,0.622617,0.000000,0.782526,0.000000,0.874866,-0.000000,0.000000,1.000000;;
           }

           Frame Bip01-L-Toe1Nub {
            

            FrameTransformMatrix {
             -1.000000,0.000060,-0.000684,0.000000,0.000060,1.000000,-0.000071,0.000000,0.000684,-0.000071,-1.000000,0.000000,0.637281,0.000000,0.000000,1.000000;;
            }
           }
          }
         }
        }

        Frame Bip01-L-Toe2 {
         

         FrameTransformMatrix {
          0.302449,0.430806,0.850253,0.000000,0.029939,0.887297,-0.460226,0.000000,-0.952695,0.164650,0.255464,0.000000,0.391618,0.430835,0.380814,1.000000;;
         }

         Frame Bip01-L-Toe21 {
          

          FrameTransformMatrix {
           0.765584,0.000516,0.643336,0.000000,-0.000516,1.000000,-0.000188,0.000000,-0.643336,-0.000188,0.765584,0.000000,0.866940,0.000000,0.000000,1.000000;;
          }

          Frame Bip01-L-Toe22 {
           

           FrameTransformMatrix {
            0.298354,0.000000,-0.954455,0.000000,0.000000,1.000000,0.000000,0.000000,0.954455,0.000000,0.298354,0.000000,0.728060,0.000000,-0.000000,1.000000;;
           }

           Frame Bip01-L-Toe2Nub {
            

            FrameTransformMatrix {
             -1.000000,0.000066,-0.000674,0.000000,0.000066,1.000000,0.000132,0.000000,0.000675,0.000132,-1.000000,0.000000,0.673146,0.000000,0.000000,1.000000;;
            }
           }
          }
         }
        }

        Frame Bip01-L-Toe3 {
         

         FrameTransformMatrix {
          0.357826,0.056175,-0.932097,0.000000,-0.034374,-0.996720,-0.073266,0.000000,-0.933155,0.058256,-0.354721,0.000000,0.346946,-0.006226,-0.043686,1.000000;;
         }

         Frame Bip01-L-Toe31 {
          

          FrameTransformMatrix {
           0.581549,-0.000000,0.813511,0.000000,0.000000,1.000000,0.000000,0.000000,-0.813511,0.000000,0.581550,0.000000,0.913932,-0.000000,-0.000000,1.000000;;
          }

          Frame Bip01-L-Toe32 {
           

           FrameTransformMatrix {
            0.476880,0.000000,-0.878968,0.000000,0.000000,1.000000,-0.000000,0.000000,0.878968,0.000000,0.476880,0.000000,0.642894,0.000000,0.000000,1.000000;;
           }

           Frame Bip01-L-Toe3Nub {
            

            FrameTransformMatrix {
             -1.000000,-0.000037,-0.000683,0.000000,-0.000037,1.000000,0.000091,0.000000,0.000683,0.000091,-1.000000,0.000000,0.677688,0.000000,0.000000,1.000000;;
            }
           }
          }
         }
        }
       }
      }
     }
    }

    Frame Bip01-R-Thigh {
     

     FrameTransformMatrix {
      0.215617,0.096033,0.971745,0.000000,0.070748,-0.994073,0.082542,0.000000,0.973912,0.050952,-0.221133,0.000000,-1.565475,-1.359752,-0.283463,1.000000;;
     }

     Frame Bip01-R-Calf {
      

      FrameTransformMatrix {
       0.322569,0.000000,-0.946546,0.000000,0.000000,1.000000,0.000000,0.000000,0.946546,-0.000000,0.322569,0.000000,1.545737,0.000000,-0.000000,1.000000;;
      }

      Frame Bip01-R-HorseLink {
       

       FrameTransformMatrix {
        -0.226124,-0.000000,0.974099,0.000000,-0.000000,1.000000,0.000000,0.000000,-0.974099,0.000000,-0.226124,0.000000,2.410712,0.000000,0.000000,1.000000;;
       }

       Frame Bip01-R-Foot {
        

        FrameTransformMatrix {
         0.497943,0.056465,-0.865370,0.000000,-0.301071,0.947067,-0.111444,0.000000,0.813271,0.316031,0.488585,0.000000,3.916456,-0.000000,-0.000000,1.000000;;
        }

        Frame Bip01-R-Toe0 {
         

         FrameTransformMatrix {
          0.171946,0.672419,0.719921,0.000000,-0.033341,0.734360,-0.677942,0.000000,-0.984542,0.092567,0.148689,0.000000,0.553931,0.347922,0.270855,1.000000;;
         }

         Frame Bip01-R-Toe01 {
          

          FrameTransformMatrix {
           0.872908,0.000709,0.487884,0.000000,-0.000709,1.000000,-0.000185,0.000000,-0.487884,-0.000185,0.872908,0.000000,0.893033,0.000000,0.000000,1.000000;;
          }

          Frame Bip01-R-Toe02 {
           

           FrameTransformMatrix {
            0.573019,-0.000056,-0.819542,0.000000,-0.000056,1.000000,-0.000108,0.000000,0.819542,0.000108,0.573019,0.000000,0.825876,0.000000,-0.000000,1.000000;;
           }

           Frame Bip01-R-Toe0Nub {
            

            FrameTransformMatrix {
             1.000000,0.000000,0.000000,0.000000,-0.000000,1.000000,-0.000000,0.000000,-0.000000,0.000000,1.000000,0.000000,0.605337,0.000000,0.000000,1.000000;;
            }
           }
          }
         }
        }

        Frame Bip01-R-Toe1 {
         

         FrameTransformMatrix {
          0.179016,0.045859,0.982777,0.000000,0.000039,0.998913,-0.046619,0.000000,-0.983846,0.008384,0.178820,0.000000,0.541262,-0.028072,0.527656,1.000000;;
         }

         Frame Bip01-R-Toe11 {
          

          FrameTransformMatrix {
           0.912390,0.001015,0.409321,0.000000,-0.001015,0.999999,-0.000217,0.000000,-0.409321,-0.000217,0.912390,0.000000,0.890258,0.000000,-0.000000,1.000000;;
          }

          Frame Bip01-R-Toe12 {
           

           FrameTransformMatrix {
            0.725422,-0.000510,-0.688304,0.000000,0.000510,1.000000,-0.000204,0.000000,0.688304,-0.000204,0.725422,0.000000,0.874866,-0.000000,0.000000,1.000000;;
           }

           Frame Bip01-R-Toe1Nub {
            

            FrameTransformMatrix {
             1.000000,0.000000,0.000000,0.000000,0.000000,1.000000,0.000000,0.000000,-0.000000,0.000000,1.000000,0.000000,0.637281,-0.000000,0.000000,1.000000;;
            }
           }
          }
         }
        }

        Frame Bip01-R-Toe2 {
         

         FrameTransformMatrix {
          0.361487,-0.420194,0.832325,0.000000,-0.029814,0.887025,0.460757,0.000000,-0.931900,-0.191373,0.308121,0.000000,0.391619,-0.430835,0.380814,1.000000;;
         }

         Frame Bip01-R-Toe21 {
          

          FrameTransformMatrix {
           0.798834,0.000637,0.601552,0.000000,-0.000637,1.000000,-0.000213,0.000000,-0.601552,-0.000213,0.798834,0.000000,0.866940,0.000000,0.000000,1.000000;;
          }

          Frame Bip01-R-Toe22 {
           

           FrameTransformMatrix {
            0.863668,0.000000,-0.504060,0.000000,0.000000,1.000000,-0.000000,0.000000,0.504060,0.000000,0.863668,0.000000,0.728060,-0.000000,-0.000000,1.000000;;
           }

           Frame Bip01-R-Toe2Nub {
            

            FrameTransformMatrix {
             1.000000,-0.000000,0.000000,0.000000,-0.000000,1.000000,0.000000,0.000000,-0.000000,-0.000000,1.000000,0.000000,0.673146,0.000000,0.000000,1.000000;;
            }
           }
          }
         }
        }

        Frame Bip01-R-Toe3 {
         

         FrameTransformMatrix {
          0.347961,-0.056564,-0.935801,0.000000,0.034141,-0.996752,0.072943,0.000000,-0.936887,-0.057330,-0.344899,0.000000,0.346946,0.006226,-0.043686,1.000000;;
         }

         Frame Bip01-R-Toe31 {
          

          FrameTransformMatrix {
           0.689104,0.000000,0.724662,0.000000,-0.000000,1.000000,-0.000000,0.000000,-0.724662,-0.000000,0.689104,0.000000,0.913932,-0.000000,-0.000000,1.000000;;
          }

          Frame Bip01-R-Toe32 {
           

           FrameTransformMatrix {
            0.579313,0.000000,-0.815105,0.000000,0.000000,1.000000,0.000000,0.000000,0.815105,-0.000000,0.579313,0.000000,0.642894,0.000000,0.000000,1.000000;;
           }

           Frame Bip01-R-Toe3Nub {
            

            FrameTransformMatrix {
             1.000000,-0.000000,0.000000,0.000000,-0.000000,1.000000,0.000000,0.000000,0.000000,0.000000,1.000000,0.000000,0.677688,-0.000000,0.000000,1.000000;;
            }
           }
          }
         }
        }
       }
      }
     }
    }

    Frame BN_UpperArm_L_01 {
     

     FrameTransformMatrix {
      -0.662248,0.453327,-0.596592,0.000000,0.631834,-0.090119,-0.769847,0.000000,-0.402757,-0.886777,-0.226746,0.000000,1.907136,1.439198,-1.271081,1.000000;;
     }

     Frame BN_Forearm_L_01 {
      

      FrameTransformMatrix {
       -0.859093,-0.044071,-0.509918,0.000000,0.468940,0.331407,-0.818697,0.000000,0.205071,-0.942458,-0.264043,0.000000,3.352802,-0.000001,-0.000105,1.000000;;
      }

      Frame BN_hand_L_01 {
       

       FrameTransformMatrix {
        -0.613536,-0.301997,0.729638,0.000000,-0.014753,0.928204,0.371778,0.000000,-0.789529,0.217335,-0.573942,0.000000,4.012759,0.000000,0.000002,1.000000;;
       }

       Frame BN_Finger_L_02 {
        

        FrameTransformMatrix {
         0.970161,-0.228673,0.080605,0.000000,0.222362,0.971659,0.080205,0.000000,-0.096661,-0.059888,0.993514,0.000000,5.746038,0.230345,0.566356,1.000000;;
        }
       }

       Frame BN_Finger_L_01 {
        

        FrameTransformMatrix {
         0.814872,-0.137114,0.563191,0.000000,0.115765,0.990542,0.073657,0.000000,-0.567964,0.005177,0.823037,0.000000,5.693829,0.000000,-0.000005,1.000000;;
        }
       }
      }
     }
    }

    Frame BN_UpperArm_R_01 {
     

     FrameTransformMatrix {
      -0.706716,-0.437777,-0.555791,0.000000,0.584529,0.081294,-0.807290,0.000000,0.398595,-0.895401,0.198442,0.000000,1.907138,-1.439295,-1.271077,1.000000;;
     }

     Frame BN_Forearm_R_01 {
      

      FrameTransformMatrix {
       -0.819441,-0.088791,0.566244,0.000000,0.541350,0.204667,0.815507,0.000000,-0.188301,0.974796,-0.119645,0.000000,3.352801,0.000000,0.000105,1.000000;;
      }

      Frame BN_hand_R_01 {
       

       FrameTransformMatrix {
        -0.505219,-0.229008,-0.832052,0.000000,0.045223,0.955798,-0.290526,0.000000,0.861806,-0.184407,-0.472530,0.000000,4.012759,0.000001,0.000000,1.000000;;
       }

       Frame BN_Finger_R_01 {
        

        FrameTransformMatrix {
         0.639196,-0.016645,-0.768864,0.000000,-0.088752,0.991489,-0.095249,0.000000,0.763905,0.129121,0.632279,0.000000,5.693828,-0.000001,0.000001,1.000000;;
        }
       }

       Frame BN_Finger_R_02 {
        

        FrameTransformMatrix {
         0.934048,-0.052969,-0.353197,0.000000,0.044140,0.998480,-0.033011,0.000000,0.354409,0.015243,0.934966,0.000000,5.746036,0.230346,-0.566359,1.000000;;
        }
       }
      }
     }
    }
   }

   Frame BN_Tail_01 {
    

    FrameTransformMatrix {
     -0.927869,-0.001009,0.372904,0.000000,-0.017013,-0.998841,-0.045037,0.000000,0.372517,-0.048133,0.926776,0.000000,-2.174789,-0.000003,-0.130821,1.000000;;
    }

    Frame BN_Tail_02 {
     

     FrameTransformMatrix {
      0.953691,-0.000000,-0.300787,0.000000,0.000000,1.000000,-0.000000,0.000000,0.300787,0.000000,0.953691,0.000000,2.554664,0.000000,0.000000,1.000000;;
     }

     Frame BN_Tail_03 {
      

      FrameTransformMatrix {
       0.977738,-0.000000,-0.209827,0.000000,-0.000000,1.000000,0.000000,0.000000,0.209827,0.000000,0.977739,0.000000,2.790388,0.000000,0.000001,1.000000;;
      }
     }
    }
   }
  }
 }

 Frame AN_NPC_MOB_CarrionC_A01_SK_ATR {
  

  FrameTransformMatrix {
   1.000000,0.000000,0.000000,0.000000,0.000000,1.000000,0.000000,0.000000,0.000000,0.000000,1.000000,0.000000,0.000000,0.000000,0.000000,1.000000;;
  }

  Mesh AN_NPC_MOB_CarrionC_A01_SK_ATR {
   2739;
   3.547845;12.034961;0.862561;,
   2.791825;12.889275;-0.000001;,
   3.493804;12.653200;-0.000001;,
   4.796133;10.730156;1.631000;,
   3.625245;11.213293;1.605850;,
   2.899389;12.286280;0.853941;,
   2.791825;12.889275;-0.000001;,
   2.899389;12.286280;0.853941;,
   4.469452;12.466737;-0.000001;,
   3.493804;12.653200;-0.000001;,
   4.545322;11.867859;0.861287;,
   5.354444;11.839354;0.835126;,
   4.545322;11.867859;0.861287;,
   5.666137;10.530920;1.485082;,
   6.456495;11.907616;0.819681;,
   6.745796;10.725320;1.242191;,
   7.540987;11.163453;1.038811;,
   7.428926;12.063334;0.680156;,
   7.361437;12.326670;-0.000001;,
   6.401896;12.377786;-0.000001;,
   6.456495;11.907616;0.819681;,
   5.302089;12.387671;-0.000001;,
   1.703694;0.546078;2.079354;,
   2.069530;0.693004;2.460214;,
   2.138509;0.693004;2.211948;,
   2.325728;0.711217;2.273458;,
   2.258093;0.711218;2.499206;,
   1.492071;0.259327;1.934488;,
   1.568728;0.528350;2.027641;,
   1.640522;0.544851;2.329424;,
   1.623910;0.287010;2.368204;,
   2.048257;0.443636;2.502896;,
   2.248352;0.446065;2.540955;,
   2.276217;0.631869;2.468049;,
   2.330827;0.649936;2.300377;,
   2.258093;0.711218;2.499206;,
   2.330827;0.649936;2.300377;,
   2.325728;0.711217;2.273458;,
   1.498445;0.526766;2.292356;,
   1.388398;0.280455;2.314950;,
   1.403269;0.508089;2.002245;,
   1.338535;0.506717;2.251477;,
   0.955145;0.647945;1.851052;,
   0.892039;0.647945;2.097819;,
   0.861368;0.415041;2.172918;,
   0.678425;0.477788;2.136101;,
   0.706177;0.630448;2.338972;,
   0.597407;0.719734;2.220165;,
   0.644415;0.734632;2.059503;,
   0.739621;0.764971;1.764796;,
   0.804214;0.497060;1.693615;,
   0.977600;0.437428;1.772638;,
   1.412182;0.251419;1.529029;,
   1.523947;0.462310;1.453172;,
   1.318719;0.488357;1.506628;,
   0.954530;0.434323;1.649116;,
   0.978542;0.627434;1.610155;,
   0.732570;0.784760;1.645623;,
   0.580902;0.987273;1.697438;,
   0.523894;0.977876;2.071834;,
   0.626771;0.784132;1.404972;,
   0.313239;0.864229;1.473902;,
   0.867523;0.627422;1.332811;,
   1.254526;0.488357;1.249166;,
   1.450825;0.462313;1.173470;,
   1.743504;0.531006;1.358750;,
   1.693085;0.531005;1.134448;,
   1.894261;0.597195;1.333324;,
   1.845994;0.597195;1.093029;,
   2.001636;0.560409;1.070136;,
   1.943312;0.353522;0.960342;,
   1.677353;0.270734;1.076263;,
   1.316969;0.255151;1.136382;,
   0.802721;0.425489;1.275028;,
   2.044328;0.520429;1.087385;,
   2.073459;0.416732;0.996917;,
   2.080140;0.526743;1.248317;,
   2.047751;0.560408;1.280663;,
   2.041343;0.380600;1.408525;,
   1.756643;0.252668;1.425846;,
   2.145278;0.378894;1.310742;,
   7.463169;10.048923;0.968830;,
   7.996205;9.884462;0.522848;,
   7.745653;10.286963;0.957181;,
   7.756378;9.629203;0.542003;,
   7.318712;9.087666;0.587616;,
   6.882730;9.535570;1.115020;,
   6.659605;8.177057;0.733095;,
   6.180241;8.818368;1.430027;,
   8.848984;9.678249;-0.000001;,
   8.304108;9.637797;-0.000001;,
   7.954550;9.450114;-0.000001;,
   7.465122;8.947329;-0.000001;,
   6.837843;7.943717;-0.000001;,
   6.132672;7.464506;0.823926;,
   5.551309;8.256047;1.658704;,
   5.240550;6.948592;1.143444;,
   6.374306;7.219130;-0.000001;,
   6.374306;7.219130;-0.000001;,
   5.646510;6.446574;-0.000001;,
   4.560837;5.812405;-0.000001;,
   5.670330;9.534266;1.715852;,
   4.991116;9.055690;2.043449;,
   4.654249;7.846954;1.893353;,
   4.076895;6.424432;1.290475;,
   3.242469;5.398499;-0.000001;,
   2.792692;6.105393;1.357703;,
   1.736980;5.358631;-0.000001;,
   1.433203;5.960490;1.370800;,
   0.330986;5.413013;-0.000001;,
   4.142605;8.947298;2.314121;,
   4.612266;9.818842;2.057589;,
   3.156916;8.259440;2.322521;,
   2.856916;8.970555;2.325317;,
   4.271352;8.591980;2.191509;,
   2.286962;7.116250;2.154984;,
   3.506196;7.433345;2.047451;,
   1.095926;6.854542;2.217702;,
   1.848095;8.257552;2.406197;,
   0.483254;9.674541;1.373428;,
   0.282680;5.612559;1.362364;,
   0.063115;6.484880;2.010891;,
   0.799167;7.646199;2.299007;,
   0.449974;8.362082;2.165574;,
   0.179717;8.902312;1.836730;,
   0.350082;9.877275;1.235534;,
   -0.828789;8.542396;1.615963;,
   -1.127453;8.997273;0.926395;,
   -1.706375;8.351529;1.383663;,
   -1.961720;8.761715;0.776278;,
   -0.187272;7.275352;2.086778;,
   -0.755418;7.841037;1.908546;,
   -0.626196;7.107089;1.715490;,
   -1.523326;7.665426;1.694335;,
   -1.519880;6.594786;0.755939;,
   -0.957714;6.212972;0.628618;,
   -2.870724;7.520124;1.549656;,
   -3.147464;8.188620;1.027398;,
   -2.035672;8.838566;-0.000001;,
   -1.232533;9.145555;-0.000001;,
   0.362060;9.915287;0.598092;,
   -0.965677;6.127722;-0.000001;,
   -4.756093;8.091611;-0.000001;,
   -4.519176;7.896036;1.040988;,
   -3.387197;8.435277;-0.000001;,
   -5.789692;7.609672;1.410543;,
   -6.106916;7.750366;-0.000001;,
   -5.190622;6.996282;2.634377;,
   -4.081975;7.294153;1.718991;,
   -3.016955;6.793395;0.844442;,
   -3.262647;6.644798;-0.000001;,
   -1.660269;6.433367;-0.000001;,
   -0.965677;6.127722;-0.000001;,
   -4.572591;6.957235;0.982257;,
   -5.020602;6.872792;-0.000001;,
   -5.190622;6.918272;2.634377;,
   -6.060566;6.851427;1.208693;,
   -6.542077;6.834439;-0.000001;,
   6.724035;11.204912;0.938471;,
   6.389329;10.148451;1.341068;,
   7.091855;10.609237;1.120541;,
   5.932633;10.798086;1.097111;,
   7.128382;12.317823;-0.000001;,
   6.449155;11.687967;0.598646;,
   7.168656;12.070078;0.571568;,
   5.615468;11.229119;0.662730;,
   4.688563;10.598950;0.863915;,
   5.067618;10.290739;1.460077;,
   8.024832;11.880926;0.849462;,
   7.303156;11.500216;0.814093;,
   8.028612;12.219792;0.418577;,
   8.015578;12.314573;-0.000001;,
   2.875415;10.513191;0.695842;,
   2.713612;10.454844;1.494007;,
   3.853691;10.462074;1.677510;,
   4.357194;10.239561;1.871999;,
   0.371840;9.881697;-0.000001;,
   2.996698;10.525836;-0.000001;,
   4.543719;10.816809;-0.000001;,
   5.467656;11.400033;-0.000001;,
   6.324812;11.892731;-0.000001;,
   2.396974;12.089936;-13.325404;,
   2.339097;12.127030;-11.299792;,
   1.400822;12.137283;-11.548507;,
   3.057452;12.137692;-12.284005;,
   3.984702;12.162676;-12.985120;,
   4.034760;12.073059;-14.690557;,
   4.941215;12.095870;-14.709781;,
   5.085518;12.174191;-12.908360;,
   -0.286573;11.667143;-8.197101;,
   1.041475;11.272137;-7.024010;,
   -0.663285;10.998214;-7.376078;,
   1.414806;11.739783;-8.225385;,
   0.467719;11.739876;-9.623037;,
   1.794251;11.946340;-9.362503;,
   -0.062717;11.616485;-12.064215;,
   -2.529166;10.975443;-10.403340;,
   -1.262423;11.317726;-12.707501;,
   -2.060858;11.273471;-13.965847;,
   -0.478749;11.672520;-13.882314;,
   0.997988;11.918762;-13.460385;,
   -1.123139;11.378792;-10.011825;,
   0.464920;11.594043;-9.624407;,
   1.403462;11.856625;-11.548794;,
   2.397028;11.950209;-13.326354;,
   2.219220;11.945622;-14.766965;,
   4.033879;11.922654;-14.689333;,
   0.214520;11.865372;-15.430341;,
   -1.279492;11.515905;-14.721606;,
   -2.325486;11.379698;-16.096315;,
   -2.780050;11.303226;-15.722660;,
   -2.642737;11.326708;-16.251276;,
   4.946803;11.929810;-15.698030;,
   5.091465;11.931248;-17.177448;,
   5.145903;11.954869;-15.698030;,
   5.055603;11.936651;-14.710608;,
   3.983854;11.799047;-12.986194;,
   3.087417;11.898724;-12.283539;,
   2.350624;11.750694;-11.279860;,
   1.784320;11.481945;-9.307898;,
   5.064925;11.924423;-13.178103;,
   5.180210;11.989719;-14.710662;,
   5.340234;11.969540;-13.178103;,
   1.278983;11.167422;-7.869987;,
   -0.286464;11.237765;-8.187912;,
   0.805107;10.273059;-6.118449;,
   -1.104187;10.569964;-6.423760;,
   0.705175;9.632196;-4.202793;,
   -1.460621;10.004272;-4.341980;,
   -1.364741;9.480079;-1.939874;,
   -2.369866;9.197835;-1.857907;,
   -1.221630;8.976287;-0.943787;,
   -2.205420;8.747593;-0.643449;,
   0.516212;9.724620;-1.333120;,
   -1.689039;11.027029;-8.425612;,
   -2.226082;10.367091;-6.564322;,
   -2.510546;9.867613;-4.385011;,
   -3.241947;8.464609;-0.443575;,
   -3.456566;8.817774;-1.778190;,
   -3.641196;9.581354;-4.430041;,
   -3.477486;10.011309;-6.733240;,
   -3.051060;10.602547;-8.662702;,
   4.926497;11.890850;-17.177448;,
   4.567785;11.931798;-18.323040;,
   4.892828;11.846890;-18.292961;,
   4.470685;11.951458;-17.177448;,
   4.422448;12.040076;-15.678832;,
   4.858757;11.847686;-19.356937;,
   4.936396;11.831438;-19.516529;,
   5.014920;11.890489;-18.319214;,
   3.430988;11.952290;-15.643561;,
   4.089745;11.962198;-17.135136;,
   2.535879;11.829351;-17.096081;,
   1.485367;11.906454;-16.430834;,
   0.529469;11.728579;-18.184507;,
   2.049740;11.784474;-18.613674;,
   0.322999;11.704296;-19.535381;,
   1.655373;11.756602;-19.977518;,
   0.073524;11.664997;-22.830273;,
   0.943319;11.693227;-23.004484;,
   0.553043;11.666405;-24.007898;,
   -0.756635;11.697054;-17.252310;,
   -1.094289;11.679033;-18.571203;,
   0.032363;11.696278;-19.123451;,
   -1.346083;11.642138;-20.384918;,
   -0.648673;11.658077;-20.651455;,
   -1.155716;11.637943;-21.236441;,
   -1.847855;11.512094;-16.408407;,
   -1.570070;11.637186;-18.537067;,
   -2.253265;11.591070;-18.052330;,
   -2.213277;11.660540;-19.242905;,
   4.033879;12.083850;-14.689333;,
   2.219220;11.970826;-14.766965;,
   2.397028;11.975412;-13.326354;,
   0.997988;11.943966;-13.460385;,
   1.403462;11.881828;-11.548794;,
   0.214520;11.890575;-15.430341;,
   -1.570070;11.662390;-18.537067;,
   -2.213277;11.685743;-19.242905;,
   -2.253265;11.616274;-18.052330;,
   -1.847855;11.537298;-16.408407;,
   -0.756635;11.722258;-17.252310;,
   -1.279491;11.541107;-14.721606;,
   -0.478749;11.697723;-13.882314;,
   -0.062717;11.641688;-12.064215;,
   0.464920;11.619246;-9.624407;,
   -2.529166;11.000647;-10.403340;,
   -1.262423;11.342930;-12.707501;,
   -2.060858;11.298674;-13.965847;,
   -2.325486;11.404902;-16.096315;,
   -2.780050;11.328429;-15.722660;,
   -2.642737;11.351912;-16.251276;,
   0.839355;11.092227;-6.365634;,
   -0.286464;11.262969;-8.187912;,
   -1.104187;10.595168;-6.423760;,
   1.038229;11.291057;-7.018400;,
   1.414830;11.759128;-8.220310;,
   1.793271;11.966183;-9.360203;,
   2.338963;12.117069;-11.298359;,
   3.057452;12.137692;-12.284005;,
   3.983854;12.131208;-12.986194;,
   -1.123139;11.403994;-10.011825;,
   -1.689039;11.052233;-8.425612;,
   -2.226083;10.392295;-6.564322;,
   -1.460621;10.029475;-4.341980;,
   -2.510546;9.892817;-4.385010;,
   -2.369867;9.223040;-1.857907;,
   -1.364741;9.505283;-1.939874;,
   -3.051060;10.627750;-8.662702;,
   -3.477485;10.036511;-6.733240;,
   -3.641196;9.606558;-4.430041;,
   -3.456566;8.842977;-1.778190;,
   -3.241946;8.489813;-0.443575;,
   -2.205420;8.772797;-0.643449;,
   -1.221630;9.001491;-0.943787;,
   0.428108;9.871264;-1.435674;,
   0.415563;10.007258;-2.279119;,
   0.522443;10.226387;-3.368063;,
   0.607290;10.608939;-4.245588;,
   -4.969754;7.048097;-2.369839;,
   -7.112574;7.641306;-1.414726;,
   -5.973168;6.775228;-3.150530;,
   -5.841471;7.571810;-1.083255;,
   -6.035928;7.606297;-0.000001;,
   -7.446419;7.820475;-0.000001;,
   5.180210;11.989719;-14.710662;,
   5.269028;12.076735;-13.175998;,
   5.340234;11.969540;-13.178103;,
   5.145903;11.954869;-15.698030;,
   5.122603;12.073016;-14.708557;,
   5.061199;12.152205;-13.178103;,
   5.091465;11.931248;-17.177448;,
   5.166899;12.080848;-15.695924;,
   4.940694;12.115847;-14.710608;,
   4.946803;12.077902;-15.698030;,
   5.117776;12.051149;-17.175341;,
   5.042957;12.006667;-18.340845;,
   5.014920;11.890489;-18.319214;,
   4.936396;11.831438;-19.516529;,
   4.970510;11.940151;-19.586996;,
   4.926497;12.038941;-17.177448;,
   4.892828;11.993740;-18.312109;,
   4.858757;11.942760;-19.369335;,
   4.567785;11.956789;-18.326300;,
   4.470685;11.976662;-17.177448;,
   4.422448;12.065279;-15.678832;,
   3.430988;11.977494;-15.643561;,
   4.089745;11.987401;-17.135136;,
   0.943319;11.718430;-23.004484;,
   0.553043;11.691608;-24.007898;,
   0.073524;11.690201;-22.830273;,
   1.655373;11.781805;-19.977518;,
   0.322999;11.729499;-19.535381;,
   0.529469;11.753782;-18.184507;,
   2.049740;11.809677;-18.613674;,
   2.535879;11.854556;-17.096081;,
   1.485367;11.931658;-16.430834;,
   2.342882;11.796858;-20.141211;,
   3.560991;11.858145;-20.227230;,
   3.342340;11.797185;-22.165060;,
   2.477122;11.774935;-22.080608;,
   2.992474;11.776420;-23.184872;,
   -1.094289;11.704237;-18.571203;,
   0.032363;11.721481;-19.123451;,
   -1.346083;11.667341;-20.384918;,
   -0.648673;11.683281;-20.651455;,
   -1.155716;11.663147;-21.236441;,
   5.180210;11.989719;14.710659;,
   5.064924;11.924423;13.178100;,
   5.340233;11.969540;13.178100;,
   5.145902;11.954869;15.698027;,
   5.055602;11.936651;14.710605;,
   3.983853;11.799047;12.986192;,
   5.091464;11.931248;17.177446;,
   4.946802;11.929810;15.698027;,
   4.033878;11.922654;14.689330;,
   2.397027;11.950209;13.326353;,
   3.087416;11.898725;12.283538;,
   2.350624;11.750695;11.279860;,
   1.403461;11.856626;11.548793;,
   1.784320;11.481946;9.307897;,
   0.464919;11.594044;9.624406;,
   -0.062718;11.616485;12.064214;,
   -2.529167;10.975442;10.403338;,
   -1.123140;11.378792;10.011823;,
   0.997987;11.918762;13.460383;,
   2.219219;11.945623;14.766963;,
   0.214519;11.865373;15.430339;,
   -1.570072;11.637187;18.537067;,
   -2.213279;11.660541;19.242905;,
   -2.253267;11.591070;18.052330;,
   -1.847857;11.512095;16.408407;,
   -0.756637;11.697055;17.252308;,
   -1.279493;11.515905;14.721604;,
   -0.478751;11.672521;13.882313;,
   -1.262424;11.317726;12.707500;,
   -2.060860;11.273471;13.965847;,
   -2.325488;11.379698;16.096315;,
   -2.780052;11.303227;15.722659;,
   -2.642739;11.326708;16.251276;,
   -2.369867;9.197835;1.857905;,
   -3.241947;8.464609;0.443573;,
   -2.205420;8.747593;0.643447;,
   -3.456566;8.817774;1.778188;,
   -2.510547;9.867612;4.385008;,
   -3.641196;9.581353;4.430039;,
   -2.226083;10.367090;6.564320;,
   -3.477486;10.011309;6.733238;,
   -1.689040;11.027029;8.425611;,
   -3.051062;10.602547;8.662700;,
   -1.460622;10.004272;4.341977;,
   -1.104187;10.569963;6.423758;,
   -0.286465;11.237765;8.187910;,
   -1.123140;11.378792;10.011823;,
   1.278982;11.167422;7.869985;,
   0.805106;10.273058;6.118446;,
   0.705175;9.632195;4.202790;,
   -1.364741;9.480079;1.939872;,
   -1.221630;8.976287;0.943785;,
   -2.205420;8.747593;0.643447;,
   0.516211;9.724620;1.333118;,
   4.422448;12.040076;15.678830;,
   4.926496;11.890850;17.177446;,
   4.470684;11.951458;17.177446;,
   4.567783;11.931798;18.323038;,
   4.892826;11.846890;18.292959;,
   4.858756;11.847686;19.356936;,
   4.936394;11.831438;19.516527;,
   5.014918;11.890489;18.319212;,
   3.430987;11.952290;15.643559;,
   4.089743;11.962198;17.135134;,
   0.073522;11.664997;22.830273;,
   0.943317;11.693227;23.004484;,
   0.553040;11.666405;24.007896;,
   1.655371;11.756603;19.977516;,
   0.322997;11.704296;19.535379;,
   2.049739;11.784474;18.613674;,
   0.529468;11.728580;18.184505;,
   2.535878;11.829352;17.096079;,
   1.485365;11.906454;16.430832;,
   3.560989;11.832942;20.227228;,
   2.342880;11.771654;20.141209;,
   2.477120;11.749731;22.080605;,
   3.342338;11.771982;22.165058;,
   2.992473;11.751217;23.184870;,
   -1.094291;11.679034;18.571201;,
   0.032361;11.696279;19.123451;,
   -1.346085;11.642138;20.384918;,
   -0.648675;11.658077;20.651455;,
   -1.155719;11.637943;21.236439;,
   -6.035928;7.606297;-0.000001;,
   -7.112574;7.641306;1.414723;,
   -7.446419;7.820475;-0.000001;,
   -5.841512;7.571843;1.083091;,
   -4.970263;7.022075;2.369815;,
   -5.973486;6.775174;3.150709;,
   5.269028;12.076735;13.175994;,
   5.180210;11.989719;14.710659;,
   5.340233;11.969540;13.178100;,
   5.061199;12.152205;13.178100;,
   5.122603;12.073016;14.708554;,
   5.145902;11.954869;15.698027;,
   3.983853;12.131208;12.986192;,
   4.940694;12.115847;14.710605;,
   5.166898;12.080848;15.695921;,
   5.091464;11.931248;17.177446;,
   4.946803;12.077902;15.698027;,
   5.117774;12.051149;17.175339;,
   4.033879;12.083850;14.689330;,
   2.397027;11.975412;13.326353;,
   3.057451;12.137692;12.284004;,
   2.338962;12.117069;11.298358;,
   1.403461;11.881829;11.548793;,
   1.793271;11.966183;9.360202;,
   0.464919;11.619246;9.624406;,
   5.042955;12.006667;18.340843;,
   4.926496;12.038941;17.177446;,
   4.892826;11.993740;18.312107;,
   4.422448;12.065279;15.678830;,
   4.470684;11.976662;17.177446;,
   4.567783;11.956789;18.326298;,
   4.858756;11.942760;19.369333;,
   4.970509;11.940151;19.586994;,
   4.936394;11.831438;19.516527;,
   5.014918;11.890489;18.319212;,
   -2.642739;11.351912;16.251276;,
   -2.325488;11.404902;16.096315;,
   -2.780051;11.328430;15.722659;,
   -2.060860;11.298674;13.965847;,
   -1.279493;11.541108;14.721604;,
   -0.648675;11.683281;20.651455;,
   -1.346085;11.667342;20.384918;,
   -1.155719;11.663147;21.236439;,
   0.032361;11.721482;19.123451;,
   -1.094291;11.704238;18.571201;,
   0.529468;11.753782;18.184505;,
   -0.756637;11.722258;17.252308;,
   0.214519;11.890576;15.430339;,
   -1.847857;11.537299;16.408407;,
   -0.478751;11.697724;13.882313;,
   -1.262424;11.342930;12.707500;,
   1.485365;11.931658;16.430832;,
   2.219219;11.970827;14.766963;,
   0.997987;11.943966;13.460383;,
   -0.062718;11.641688;12.064214;,
   -2.529167;11.000647;10.403338;,
   -3.477486;10.036511;6.733238;,
   -1.689040;11.052233;8.425611;,
   -2.226083;10.392295;6.564320;,
   -3.051062;10.627750;8.662700;,
   -1.123140;11.403995;10.011823;,
   -0.286465;11.262969;8.187910;,
   -1.104187;10.595168;6.423758;,
   -1.460622;10.029475;4.341977;,
   -2.510547;9.892816;4.385008;,
   -2.369867;9.223040;1.857904;,
   -1.364741;9.505283;1.939872;,
   0.428108;9.871264;1.435672;,
   0.415563;10.007258;2.279117;,
   -1.221630;9.001491;0.943785;,
   -2.205420;8.772797;0.643447;,
   -3.241946;8.489813;0.443573;,
   -3.456566;8.842977;1.778188;,
   -3.641196;9.606557;4.430039;,
   1.414830;11.759128;8.220308;,
   1.038228;11.291058;7.018398;,
   0.839354;11.092227;6.365632;,
   0.607290;10.608939;4.245586;,
   0.522442;10.226387;3.368061;,
   2.338963;12.146977;-11.298359;,
   2.397028;12.109913;-13.326354;,
   1.403462;12.157106;-11.548794;,
   0.464920;11.967075;-9.624407;,
   1.403462;12.021558;-11.548794;,
   1.793271;11.966183;-9.360203;,
   -0.286464;11.684906;-8.187912;,
   1.038229;11.291057;-7.018400;,
   1.414830;11.759128;-8.220310;,
   0.464920;11.759629;-9.624407;,
   3.392456;11.746386;-7.562859;,
   3.699586;12.057980;-8.990462;,
   3.814629;12.143719;-9.937964;,
   3.943657;12.239878;-11.000645;,
   -0.668168;11.013719;-7.364426;,
   3.983854;12.182628;-12.986194;,
   5.085369;12.194173;-12.909217;,
   5.365715;12.266942;-10.779548;,
   5.383063;12.200233;-9.335176;,
   5.315517;11.987943;-8.034415;,
   4.853317;11.644053;-6.784795;,
   4.303918;11.265226;-5.629920;,
   5.331060;12.114437;-12.916570;,
   5.635317;12.143775;-10.781624;,
   5.122283;12.082568;-14.710608;,
   4.940694;12.115847;-14.710608;,
   4.034181;12.093021;-14.691623;,
   3.056620;12.157671;-12.284394;,
   5.203924;11.990282;-14.710608;,
   2.350624;11.750693;-11.279860;,
   1.362546;11.780379;-11.453045;,
   2.193137;11.822277;-13.204476;,
   3.983854;11.747629;-12.986194;,
   4.034181;11.903877;-14.691623;,
   5.058387;11.932043;-14.710608;,
   5.237053;11.770035;-12.914092;,
   5.402874;11.926357;-12.919076;,
   5.713621;11.874758;-10.786767;,
   3.943657;11.702836;-11.000645;,
   3.699515;11.115776;-8.990699;,
   1.784320;11.481945;-9.307898;,
   5.499119;11.592564;-10.782317;,
   5.555638;11.376406;-9.342519;,
   5.805983;11.761132;-9.315853;,
   5.715482;12.075635;-9.312976;,
   5.795471;11.522892;-7.970307;,
   5.503062;11.116816;-8.011067;,
   3.392439;10.762925;-7.562918;,
   1.278983;11.167422;-7.869987;,
   3.039060;10.244846;-5.842430;,
   0.805107;10.273059;-6.118449;,
   2.679228;9.575293;-4.101697;,
   0.705175;9.632196;-4.202793;,
   4.050586;9.588785;-4.009451;,
   4.509616;10.244084;-5.572555;,
   5.066692;10.712874;-6.755743;,
   5.428636;11.148605;-6.704711;,
   5.675472;11.887252;-7.986781;,
   5.311446;11.519191;-6.721062;,
   4.849997;10.651196;-5.489188;,
   4.371027;10.088053;-3.990638;,
   4.753023;11.126555;-5.508812;,
   4.232227;10.592726;-3.995951;,
   4.294458;9.752853;-2.598386;,
   4.142605;8.947298;-2.314122;,
   2.856916;8.970555;-2.325319;,
   0.483254;9.674541;-1.373430;,
   4.612266;9.818842;-2.057591;,
   4.357195;10.239561;-1.872001;,
   4.065025;10.227244;-2.547124;,
   3.814946;10.802917;-4.022375;,
   3.050650;11.247100;-5.844708;,
   2.679228;10.788378;-4.101697;,
   0.839355;11.092227;-6.365634;,
   0.606216;10.627996;-4.239614;,
   -0.668168;11.200319;-7.364426;,
   -1.104187;10.960999;-6.423760;,
   -1.104187;10.653056;-6.423760;,
   -1.460621;10.695306;-4.341979;,
   0.520830;10.245240;-3.361586;,
   2.630309;10.549649;-2.434765;,
   3.675025;10.491469;-2.495687;,
   3.853691;10.462074;-1.677512;,
   -1.400078;9.798981;-2.825185;,
   0.415563;10.007258;-2.279119;,
   -1.400078;10.050055;-2.825185;,
   -1.364741;10.153001;-1.939875;,
   2.713612;10.454844;-1.494009;,
   0.350082;9.877275;-1.235536;,
   -1.364741;9.750515;-1.939875;,
   -1.115088;9.015827;-0.928227;,
   -0.666302;11.180832;-7.368519;,
