xof 0303txt 0032
template ColorRGBA {
 <35ff44e0-6c7c-11cf-8f52-0040333594a3>
 FLOAT red;
 FLOAT green;
 FLOAT blue;
 FLOAT alpha;
}

template ColorRGB {
 <d3e16e81-7835-11cf-8f52-0040333594a3>
 FLOAT red;
 FLOAT green;
 FLOAT blue;
}

template Material {
 <3d82ab4d-62da-11cf-ab39-0020af71e433>
 ColorRGBA faceColor;
 FLOAT power;
 ColorRGB specularColor;
 ColorRGB emissiveColor;
 [...]
}

template TextureFilename {
 <a42790e1-7810-11cf-8f52-0040333594a3>
 STRING filename;
}

template Frame {
 <3d82ab46-62da-11cf-ab39-0020af71e433>
 [...]
}

template Matrix4x4 {
 <f6f23f45-7686-11cf-8f52-0040333594a3>
 array FLOAT matrix[16];
}

template FrameTransformMatrix {
 <f6f23f41-7686-11cf-8f52-0040333594a3>
 Matrix4x4 frameMatrix;
}

template Vector {
 <3d82ab5e-62da-11cf-ab39-0020af71e433>
 FLOAT x;
 FLOAT y;
 FLOAT z;
}

template MeshFace {
 <3d82ab5f-62da-11cf-ab39-0020af71e433>
 DWORD nFaceVertexIndices;
 array DWORD faceVertexIndices[nFaceVertexIndices];
}

template Mesh {
 <3d82ab44-62da-11cf-ab39-0020af71e433>
 DWORD nVertices;
 array Vector vertices[nVertices];
 DWORD nFaces;
 array MeshFace faces[nFaces];
 [...]
}

template MeshMaterialList {
 <f6f23f42-7686-11cf-8f52-0040333594a3>
 DWORD nMaterials;
 DWORD nFaceIndexes;
 array DWORD faceIndexes[nFaceIndexes];
 [Material <3d82ab4d-62da-11cf-ab39-0020af71e433>]
}

template VertexElement {
 <f752461c-1e23-48f6-b9f8-8350850f336f>
 DWORD Type;
 DWORD Method;
 DWORD Usage;
 DWORD UsageIndex;
}

template DeclData {
 <bf22e553-292c-4781-9fea-62bd554bdd93>
 DWORD nElements;
 array VertexElement Elements[nElements];
 DWORD nDWords;
 array DWORD data[nDWords];
}

template XSkinMeshHeader {
 <3cf169ce-ff7c-44ab-93c0-f78f62d172e2>
 WORD nMaxSkinWeightsPerVertex;
 WORD nMaxSkinWeightsPerFace;
 WORD nBones;
}

template SkinWeights {
 <6f0d123b-bad2-4167-a0d0-80224f25fabb>
 STRING transformNodeName;
 DWORD nWeights;
 array DWORD vertexIndices[nWeights];
 array FLOAT weights[nWeights];
 Matrix4x4 matrixOffset;
}

template AnimTicksPerSecond {
 <9e415a43-7ba6-4a73-8743-b73d47e88476>
 DWORD AnimTicksPerSecond;
}

template Animation {
 <3d82ab4f-62da-11cf-ab39-0020af71e433>
 [...]
}

template AnimationSet {
 <3d82ab50-62da-11cf-ab39-0020af71e433>
 [Animation <3d82ab4f-62da-11cf-ab39-0020af71e433>]
}

template FloatKeys {
 <10dd46a9-775b-11cf-8f52-0040333594a3>
 DWORD nValues;
 array FLOAT values[nValues];
}

template TimedFloatKeys {
 <f406b180-7b3b-11cf-8f52-0040333594a3>
 DWORD time;
 FloatKeys tfkeys;
}

template AnimationKey {
 <10dd46a8-775b-11cf-8f52-0040333594a3>
 DWORD keyType;
 DWORD nKeys;
 array TimedFloatKeys keys[nKeys];
}


Material Material__254 {
 1.000000;1.000000;1.000000;1.000000;;
 10.000000;
 0.000000;0.000000;0.000000;;
 0.000000;0.000000;0.000000;;

 TextureFilename {
  "CH_NPC_MOB_GriffonB_A01_D_TIG.tga";
 }

 TextureFilename {
  "CH_NPC_MOB_GriffonB_A01_D_TIG.tga";
 }
}

Frame Root {
 

 FrameTransformMatrix {
  1.000000,0.000000,0.000000,0.000000,0.000000,1.000000,0.000000,0.000000,0.000000,0.000000,1.000000,0.000000,0.000000,0.000000,0.000000,1.000000;;
 }

 Frame Bip01 {
  

  FrameTransformMatrix {
   -0.291183,-0.956598,-0.011553,0.000000,0.955842,-0.291412,0.038024,0.000000,-0.039740,0.000029,0.999210,0.000000,-4.092730,9.451201,0.000000,1.000000;;
  }

  Frame Bip01-Pelvis {
   

   FrameTransformMatrix {
    -0.425303,0.894602,0.137131,0.000000,0.033115,-0.136034,0.990151,0.000000,0.904445,0.425655,0.028231,0.000000,0.000000,0.000000,0.000000,1.000000;;
   }

   Frame Bip01-Spine {
    

    FrameTransformMatrix {
     0.906225,-0.092969,0.412448,0.000000,0.080654,0.995624,0.047207,0.000000,-0.415031,-0.009515,0.909757,0.000000,2.052060,0.000004,-0.424557,1.000000;;
    }

    Frame Bip01-Spine1 {
     

     FrameTransformMatrix {
      0.983321,-0.075521,-0.165457,0.000000,0.075826,0.997111,-0.004487,0.000000,0.165318,-0.008134,0.986207,0.000000,2.621194,0.000000,-0.002520,1.000000;;
     }

     Frame Bip01-Spine2 {
      

      FrameTransformMatrix {
       0.923037,-0.110085,-0.368625,0.000000,0.103575,0.993916,-0.037469,0.000000,0.370507,-0.003595,0.928823,0.000000,3.164971,0.000000,-0.001978,1.000000;;
      }

      Frame Bip01-Neck {
       

       FrameTransformMatrix {
        0.893491,0.003096,-0.449070,0.000000,-0.008307,0.999919,-0.009635,0.000000,0.449004,0.012339,0.893445,0.000000,2.408160,0.000001,2.151049,1.000000;;
       }

       Frame Bip01-Neck1 {
        

        FrameTransformMatrix {
         0.917497,0.009103,-0.397638,0.000000,-0.018865,0.999609,-0.020646,0.000000,0.397294,0.026445,0.917310,0.000000,3.304147,-0.000000,-0.001758,1.000000;;
        }

        Frame Bip01-Neck2 {
         

         FrameTransformMatrix {
          0.997496,0.035392,-0.061226,0.000000,-0.035122,0.999368,0.005474,0.000000,0.061381,-0.003310,0.998109,0.000000,2.327048,0.000000,-0.001547,1.000000;;
         }

         Frame Bip01-Head {
          

          FrameTransformMatrix {
           0.532848,0.019770,0.845980,0.000000,-0.001069,0.999742,-0.022690,0.000000,-0.846211,0.011186,0.532731,0.000000,1.071455,-0.079757,0.238578,1.000000;;
          }

          Frame Bip01-HeadNub {
           

           FrameTransformMatrix {
            1.000000,-0.000000,-0.000000,0.000000,0.000000,1.000000,-0.000000,0.000000,-0.000000,0.000000,1.000000,0.000000,7.953683,-0.000000,0.000000,1.000000;;
           }
          }

          Frame BN_Eye_01 {
           

           FrameTransformMatrix {
            0.498439,-0.827829,-0.257405,0.000000,0.852449,0.522046,-0.028246,0.000000,0.157760,-0.205345,0.965891,0.000000,2.889479,-0.929345,-0.902016,1.000000;;
           }
          }

          Frame BN_Eye_02 {
           

           FrameTransformMatrix {
            0.498439,0.827829,-0.257405,0.000000,-0.852449,0.522046,0.028246,0.000000,0.157760,0.205345,0.965891,0.000000,2.889480,1.088769,-0.902020,1.000000;;
           }
          }

          Frame BN_Mouth_0 {
           

           FrameTransformMatrix {
            0.845058,0.000102,0.534674,0.000000,-0.000103,-1.000000,0.000354,0.000000,0.534674,-0.000355,-0.845058,0.000000,3.515162,0.079769,1.214553,1.000000;;
           }
          }
         }
        }
       }

       Frame Bip01-L-Clavicle {
        

        FrameTransformMatrix {
         0.260723,0.648501,0.715171,0.000000,0.897875,-0.435091,0.067201,0.000000,0.354744,0.624614,-0.695711,0.000000,2.239906,1.101457,-2.675059,1.000000;;
        }

        Frame Bip01-L-UpperArm {
         

         FrameTransformMatrix {
          0.376817,-0.811747,-0.446178,0.000000,0.468814,-0.248302,0.847679,0.000000,-0.798888,-0.528594,0.286994,0.000000,3.687143,0.000000,0.000002,1.000000;;
         }

         Frame Bip01-L-Forearm {
          

          FrameTransformMatrix {
           0.247052,0.000000,-0.969002,0.000000,0.000000,1.000000,0.000000,0.000000,0.969002,0.000000,0.247052,0.000000,3.981168,0.000000,-0.000001,1.000000;;
          }

          Frame Bip01-L-Hand {
           

           FrameTransformMatrix {
            0.987555,-0.068748,0.141455,0.000000,-0.157011,-0.378692,0.912107,0.000000,-0.009138,-0.922966,-0.384774,0.000000,5.022208,-0.000000,-0.000000,1.000000;;
           }

           Frame Bip01-L-Finger0 {
            

            FrameTransformMatrix {
             0.381600,0.048435,0.923058,0.000000,0.633136,0.713875,-0.299202,0.000000,-0.673439,0.698597,0.241749,0.000000,1.269923,0.672361,1.307675,1.000000;;
            }

            Frame Bip01-L-Finger0Nub {
             

             FrameTransformMatrix {
              1.000000,0.000000,-0.000000,0.000000,0.000000,1.000000,0.000000,0.000000,0.000000,0.000000,1.000000,0.000000,1.391848,0.000000,0.000002,1.000000;;
             }
            }
           }

           Frame Bip01-L-Finger1 {
            

            FrameTransformMatrix {
             0.888645,-0.418501,-0.187529,0.000000,0.433994,0.899581,0.049015,0.000000,0.148184,-0.124944,0.981035,0.000000,3.034163,-0.786268,-0.079391,1.000000;;
            }

            Frame Bip01-L-Finger1Nub {
             

             FrameTransformMatrix {
              1.000000,0.000000,0.000000,0.000000,-0.000000,1.000000,-0.000000,0.000000,0.000000,-0.000000,1.000000,0.000000,1.881398,0.000000,-0.000000,1.000000;;
             }
            }
           }

           Frame Bip01-L-Finger2 {
            

            FrameTransformMatrix {
             0.778787,-0.359260,0.514220,0.000000,0.501269,0.849249,-0.165846,0.000000,-0.377119,0.386921,0.841470,0.000000,3.109999,-0.696911,0.899570,1.000000;;
            }

            Frame Bip01-L-Finger2Nub {
             

             FrameTransformMatrix {
              1.000000,0.000000,-0.000000,0.000000,0.000000,1.000000,0.000000,0.000000,0.000000,0.000000,1.000000,0.000000,1.785533,0.000000,0.000000,1.000000;;
             }
            }
           }

           Frame Bip01-L-Finger3 {
            

            FrameTransformMatrix {
             0.313802,-0.254026,-0.914877,0.000000,0.684371,0.728410,0.032488,0.000000,0.658152,-0.636310,0.402424,0.000000,2.868590,-0.082300,-0.968796,1.000000;;
            }

            Frame Bip01-L-Finger3Nub {
             

             FrameTransformMatrix {
              1.000000,-0.000000,-0.000000,0.000000,-0.000000,1.000000,0.000000,0.000000,-0.000000,0.000000,1.000000,0.000000,1.900030,0.000000,0.000001,1.000000;;
             }
            }
           }
          }
         }
        }
       }

       Frame Bip01-R-Clavicle {
        

        FrameTransformMatrix {
         0.247300,-0.739279,0.626346,0.000000,-0.891950,-0.426211,-0.150891,0.000000,0.378506,-0.521355,-0.764802,0.000000,2.239904,-1.101467,-2.675053,1.000000;;
        }

        Frame Bip01-R-UpperArm {
         

         FrameTransformMatrix {
          0.144152,0.892560,-0.427267,0.000000,-0.713232,-0.205586,-0.670101,0.000000,-0.685945,0.401337,0.606966,0.000000,3.687143,0.000001,-0.000000,1.000000;;
         }

         Frame Bip01-R-Forearm {
          

          FrameTransformMatrix {
           0.036669,0.000000,-0.999327,0.000000,0.000000,1.000000,-0.000000,0.000000,0.999327,-0.000000,0.036669,0.000000,3.981166,-0.000001,-0.000001,1.000000;;
          }

          Frame Bip01-R-Hand {
           

           FrameTransformMatrix {
            0.995615,0.087087,-0.034151,0.000000,-0.009767,-0.266304,-0.963839,0.000000,-0.093032,0.959947,-0.264286,0.000000,5.022211,-0.000001,0.000000,1.000000;;
           }

           Frame Bip01-R-Finger0 {
            

            FrameTransformMatrix {
             0.493854,-0.086687,0.865213,0.000000,-0.567795,0.721454,0.396375,0.000000,-0.658571,-0.687015,0.307072,0.000000,1.269923,-0.672360,1.307677,1.000000;;
            }

            Frame Bip01-R-Finger0Nub {
             

             FrameTransformMatrix {
              -1.000000,0.000001,0.000691,0.000000,0.000001,1.000000,-0.000001,0.000000,-0.000691,-0.000001,-1.000000,0.000000,1.391848,0.000000,0.000000,1.000000;;
             }
            }
           }

           Frame Bip01-R-Finger1 {
            

            FrameTransformMatrix {
             0.941006,0.298279,-0.159804,0.000000,-0.296032,0.954412,0.038251,0.000000,0.163928,0.011313,0.986407,0.000000,3.034161,0.786271,-0.079389,1.000000;;
            }

            Frame Bip01-R-Finger1Nub {
             

             FrameTransformMatrix {
              -1.000000,0.000001,0.000691,0.000000,0.000001,1.000000,0.000001,0.000000,-0.000691,0.000001,-1.000000,0.000000,1.881396,0.000000,0.000000,1.000000;;
             }
            }
           }

           Frame Bip01-R-Finger2 {
            

            FrameTransformMatrix {
             0.802847,0.203084,0.560530,0.000000,-0.357183,0.916626,0.179493,0.000000,-0.477345,-0.344317,0.808448,0.000000,3.109999,0.696913,0.899571,1.000000;;
            }

            Frame Bip01-R-Finger2Nub {
             

             FrameTransformMatrix {
              -1.000000,0.000001,0.000691,0.000000,0.000001,1.000000,-0.000000,0.000000,-0.000691,0.000000,-1.000000,0.000000,1.785533,0.000000,-0.000001,1.000000;;
             }
            }
           }

           Frame Bip01-R-Finger3 {
            

            FrameTransformMatrix {
             0.472370,0.295650,-0.830336,0.000000,-0.729516,0.659833,-0.180073,0.000000,0.494645,0.690805,0.527366,0.000000,2.868588,0.082301,-0.968795,1.000000;;
            }

            Frame Bip01-R-Finger3Nub {
             

             FrameTransformMatrix {
              -1.000000,-0.000001,0.000691,0.000000,-0.000001,1.000000,0.000001,0.000000,-0.000691,0.000001,-1.000000,0.000000,1.900030,-0.000000,-0.000001,1.000000;;
             }
            }
           }
          }
         }
        }
       }
      }

      Frame BN_Wing_05 {
       

       FrameTransformMatrix {
        0.454370,-0.874819,-0.168050,0.000000,-0.020642,-0.198937,0.979795,0.000000,-0.890574,-0.441720,-0.108448,0.000000,0.555838,-0.889003,-1.878629,1.000000;;
       }

       Frame BN_Wing_06 {
        

        FrameTransformMatrix {
         0.245042,-0.101673,0.964166,0.000000,0.108681,0.991098,0.076891,0.000000,-0.963402,0.085945,0.253911,0.000000,2.916869,0.000000,-0.000001,1.000000;;
        }

        Frame BN_Wing_07 {
         

         FrameTransformMatrix {
          -0.501369,-0.136380,-0.854418,0.000000,-0.136500,0.987601,-0.077540,0.000000,0.854398,0.077752,-0.513768,0.000000,3.530702,-0.000004,0.000008,1.000000;;
         }

         Frame BN_Wing_08 {
          

          FrameTransformMatrix {
           -0.016808,0.075141,0.997031,0.000000,-0.136766,0.987627,-0.076738,0.000000,-0.990461,-0.137649,-0.006323,0.000000,4.751820,0.000005,-0.000003,1.000000;;
          }
         }
        }
       }
      }

      Frame BN_Wing_01 {
       

       FrameTransformMatrix {
        0.348942,0.911147,-0.219202,0.000000,-0.072444,-0.206979,-0.975660,0.000000,-0.934340,0.356329,-0.006217,0.000000,0.555837,0.888998,-1.878632,1.000000;;
       }

       Frame BN_Wing_02 {
        

        FrameTransformMatrix {
         0.164810,0.290784,0.942487,0.000000,-0.243705,0.937932,-0.246762,0.000000,-0.955743,-0.189020,0.225446,0.000000,2.916870,0.000000,-0.000001,1.000000;;
        }

        Frame BN_Wing_03 {
         

         FrameTransformMatrix {
          -0.568978,0.109919,-0.814974,0.000000,0.216224,0.976153,-0.019299,0.000000,0.793418,-0.187197,-0.579177,0.000000,3.530702,0.000002,0.000006,1.000000;;
         }

         Frame BN_Wing_04 {
          

          FrameTransformMatrix {
           -0.025622,-0.253853,0.966903,0.000000,0.046193,0.965887,0.254810,0.000000,-0.998604,0.051193,-0.013022,0.000000,4.751819,-0.000001,-0.000005,1.000000;;
          }
         }
        }
       }
      }
     }
    }

    Frame Bip01-L-Thigh {
     

     FrameTransformMatrix {
      0.269999,0.270505,0.924082,0.000000,-0.018481,-0.958093,0.285861,0.000000,0.962683,-0.094260,-0.253685,0.000000,-2.065060,2.136762,0.355981,1.000000;;
     }

     Frame Bip01-L-Calf {
      

      FrameTransformMatrix {
       0.374680,-0.000000,-0.927154,0.000000,0.000000,1.000000,-0.000000,0.000000,0.927154,0.000000,0.374680,0.000000,3.858745,0.000000,-0.000000,1.000000;;
      }

      Frame Bip01-L-HorseLink {
       

       FrameTransformMatrix {
        0.707732,0.000000,0.706481,0.000000,-0.000000,1.000000,-0.000000,0.000000,-0.706481,-0.000000,0.707732,0.000000,4.045936,0.000000,0.000000,1.000000;;
       }

       Frame Bip01-L-Foot {
        

        FrameTransformMatrix {
         0.892038,0.260858,0.369081,0.000000,-0.360407,0.903322,0.232627,0.000000,-0.272717,-0.340532,0.899813,0.000000,3.204154,0.000000,-0.000002,1.000000;;
        }

        Frame Bip01-L-Toe0 {
         

         FrameTransformMatrix {
          -0.050447,-0.000000,0.998727,0.000000,0.000000,1.000000,0.000000,0.000000,-0.998727,-0.000000,-0.050447,0.000000,1.495027,-0.000000,2.480652,1.000000;;
         }

         Frame Bip01-L-Toe0Nub {
          

          FrameTransformMatrix {
           -1.000000,0.000000,0.000691,0.000000,0.000000,1.000000,0.000000,0.000000,-0.000691,0.000000,-1.000000,0.000000,0.413607,0.000001,-0.000000,1.000000;;
          }
         }
        }
       }
      }
     }
    }

    Frame Bip01-R-Thigh {
     

     FrameTransformMatrix {
      0.472705,-0.290321,0.832024,0.000000,-0.211421,-0.953959,-0.212752,0.000000,0.855483,-0.075338,-0.512321,0.000000,-2.065061,-2.136762,0.355993,1.000000;;
     }

     Frame Bip01-R-Calf {
      

      FrameTransformMatrix {
       0.128254,0.000000,-0.991741,0.000000,0.000000,1.000000,0.000000,0.000000,0.991741,0.000000,0.128254,0.000000,3.858746,0.000000,-0.000001,1.000000;;
      }

      Frame Bip01-R-HorseLink {
       

       FrameTransformMatrix {
        0.422992,-0.000033,0.906134,0.000000,-0.000033,1.000000,0.000051,0.000000,-0.906133,-0.000051,0.422992,0.000000,4.045936,0.000000,-0.000001,1.000000;;
       }

       Frame Bip01-R-Foot {
        

        FrameTransformMatrix {
         0.956567,-0.279180,0.083893,0.000000,0.291486,0.912129,-0.288195,0.000000,0.003937,0.300132,0.953890,0.000000,3.204154,0.000000,0.000000,1.000000;;
        }

        Frame Bip01-R-Toe0 {
         

         FrameTransformMatrix {
          0.033531,0.000086,0.999438,0.000000,-0.000001,1.000000,-0.000086,0.000000,-0.999438,0.000001,0.033531,0.000000,1.495027,-0.000000,2.480651,1.000000;;
         }

         Frame Bip01-R-Toe0Nub {
          

          FrameTransformMatrix {
           1.000000,-0.000000,-0.000000,0.000000,-0.000000,1.000000,0.000000,0.000000,0.000000,0.000000,1.000000,0.000000,0.413607,-0.000000,0.000000,1.000000;;
          }
         }
        }
       }
      }
     }
    }
   }

   Frame BN_Tail_01 {
    

    FrameTransformMatrix {
     -0.923427,-0.054343,0.379906,0.000000,0.051211,-0.998519,-0.018354,0.000000,0.380341,0.002507,0.924843,0.000000,-2.127781,-0.000005,0.588153,1.000000;;
    }

    Frame BN_Tail_02 {
     

     FrameTransformMatrix {
      0.815196,-0.029423,-0.578438,0.000000,0.026050,0.999561,-0.014132,0.000000,0.578600,-0.003549,0.815604,0.000000,2.794226,-0.000000,0.000000,1.000000;;
     }

     Frame BN_Tail_03 {
      

      FrameTransformMatrix {
       0.644659,-0.216641,-0.733131,0.000000,0.168389,0.975692,-0.140249,0.000000,0.745694,-0.033038,0.665469,0.000000,2.860672,0.000000,0.000000,1.000000;;
      }

      Frame BN_Tail_04 {
       

       FrameTransformMatrix {
        0.668749,-0.183982,-0.720365,0.000000,0.143275,0.982628,-0.117956,0.000000,0.729553,-0.024327,0.683492,0.000000,2.998002,0.000000,-0.000003,1.000000;;
       }
      }
     }
    }
   }
  }
 }

 Frame AN_NPC_MOB_GriffonB_A01_SK_TIG {
  

  FrameTransformMatrix {
   1.000000,0.000000,0.000000,0.000000,0.000000,1.000000,0.000000,0.000000,0.000000,0.000000,1.000000,0.000000,0.000000,0.000000,0.000000,1.000000;;
  }

  Mesh AN_NPC_MOB_GriffonB_A01_SK_TIG {
   3211;
   9.077930;17.111162;-1.092991;,
   9.393330;17.216463;0.000007;,
   8.660124;17.137136;0.000007;,
   -7.957599;0.209998;-2.488398;,
   -7.711899;1.120599;-2.879197;,
   -7.370599;0.466998;-2.945597;,
   -8.306098;0.849898;-1.909997;,
   -6.735299;0.365499;-3.426598;,
   -7.370599;0.466998;-2.945597;,
   -6.961399;1.372698;-3.294697;,
   -7.126599;2.263699;-2.951598;,
   -7.804799;2.025498;-2.464399;,
   -7.711899;1.120599;-2.879197;,
   -8.393798;1.727198;-1.644397;,
   -8.341999;2.936698;-1.538698;,
   -5.424199;0.575499;-4.142797;,
   -6.289999;1.394199;-3.780098;,
   -6.069599;1.988698;-2.973498;,
   -6.199799;2.407999;-2.915398;,
   -5.693799;2.010498;-2.125798;,
   -5.808399;2.317399;-2.037897;,
   -5.805599;1.802198;-1.523197;,
   -6.289599;2.031499;-1.270598;,
   -6.099899;1.280399;-1.136398;,
   -7.151400;1.121698;-1.401099;,
   -6.650499;0.375198;-1.315498;,
   -7.353899;0.380898;-1.819497;,
   -7.221299;1.903898;-1.524297;,
   -5.744799;0.447599;-1.178797;,
   -5.376699;1.301799;-1.114698;,
   -5.233699;1.867199;-1.635398;,
   -4.977799;0.295199;-1.298297;,
   -4.567100;1.845199;-1.848197;,
   -5.250999;2.146299;-2.407698;,
   -4.520499;1.464699;-1.424798;,
   -4.566299;0.875599;-1.231497;,
   -4.697999;0.089899;-2.360298;,
   -3.990199;0.750699;-2.391298;,
   -4.084399;1.525699;-2.388498;,
   -4.597400;2.091498;-2.575698;,
   -4.498300;1.547499;-3.615097;,
   -5.024400;1.969299;-3.508298;,
   -4.373699;0.732899;-3.660797;,
   -3.990199;0.750699;-2.391298;,
   -4.697999;0.089899;-2.360298;,
   -5.035799;0.108299;-3.378698;,
   -5.638599;2.060199;-3.265498;,
   -5.384899;1.348499;-4.156197;,
   -4.373699;0.732899;-3.660797;,
   -5.035799;0.108299;-3.378698;,
   -5.781299;0.168099;-3.793997;,
   9.150280;13.721046;1.574038;,
   8.447248;14.902037;0.045401;,
   7.800560;14.941895;1.751898;,
   9.305012;14.385414;0.042713;,
   9.150288;13.721035;-1.487422;,
   10.084257;13.874128;0.042702;,
   9.971572;12.571007;2.010357;,
   10.561829;12.109404;0.042699;,
   9.936835;12.490509;-1.923349;,
   8.970524;12.901865;-3.104357;,
   8.090571;15.236863;0.048177;,
   7.800561;14.941883;-1.663190;,
   8.091699;14.267806;-2.606842;,
   7.741319;13.620561;-3.855754;,
   7.102929;14.629313;-3.155871;,
   6.465716;15.412384;-2.599397;,
   7.574489;15.441532;-1.318830;,
   6.707346;16.051401;-2.301922;,
   1.672860;15.687403;1.885924;,
   1.198964;15.108323;0.000007;,
   1.901083;14.992718;1.891204;,
   3.206300;15.605119;3.062390;,
   2.859298;16.580248;2.888139;,
   4.858795;16.062798;3.182177;,
   4.821834;17.332888;3.110523;,
   6.707358;16.051395;2.390131;,
   6.465727;15.412383;2.687708;,
   7.574493;15.441545;1.407928;,
   1.096410;15.724173;0.000008;,
   1.630191;17.062218;1.746845;,
   3.252964;18.541924;2.601381;,
   1.162449;17.515442;0.000007;,
   2.676803;19.691284;1.710354;,
   2.152799;19.969460;0.000006;,
   8.091697;14.267818;2.694851;,
   7.741014;13.620732;3.941144;,
   8.968552;12.902637;3.192863;,
   7.102941;14.629329;3.244068;,
   5.601528;14.658276;3.838108;,
   5.250205;15.338405;3.453558;,
   3.632557;14.979463;3.296768;,
   3.207188;15.591524;-2.976071;,
   4.858782;16.062801;-3.095461;,
   5.250193;15.338398;-3.366345;,
   3.633205;14.965151;-3.209466;,
   1.900746;14.992583;-1.890740;,
   5.601514;14.658247;-3.751909;,
   1.198964;15.108323;0.000007;,
   1.672567;15.687281;-1.885483;,
   2.859279;16.572844;-2.801671;,
   4.821829;17.332899;-3.024307;,
   6.707346;16.051401;-2.301922;,
   6.465716;15.412384;-2.599397;,
   7.102929;14.629313;-3.155871;,
   7.741319;13.620561;-3.855754;,
   3.252224;18.542162;-2.515027;,
   1.629876;17.062199;-1.746361;,
   1.096410;15.724173;0.000008;,
   2.676560;19.691320;-1.709960;,
   1.162449;17.515442;0.000007;,
   2.152799;19.969460;0.000006;,
   8.278589;15.273640;0.000007;,
   8.203680;16.420713;0.754961;,
   7.758100;15.587323;1.443860;,
   7.779094;17.543758;1.547421;,
   6.722772;16.315487;2.492323;,
   6.598817;17.810328;2.393425;,
   5.289570;17.270416;3.054123;,
   5.960338;19.084606;2.372927;,
   4.241053;18.878807;2.762270;,
   5.753639;20.501152;1.558471;,
   3.537695;20.259180;1.722109;,
   1.128759;17.121834;1.797621;,
   7.876757;19.124804;1.719872;,
   8.047955;20.138309;1.324743;,
   5.602520;21.081341;0.000007;,
   3.513423;20.816257;0.000006;,
   1.972743;19.946152;0.000006;,
   0.444688;17.168465;0.000010;,
   0.169061;16.192564;0.000009;,
   1.060402;15.969324;2.121930;,
   2.540925;16.813768;3.005329;,
   8.346025;20.896400;0.000006;,
   2.654787;15.652139;3.217753;,
   4.639994;16.362036;3.286992;,
   4.914760;15.408283;3.514183;,
   6.234227;15.775838;2.847233;,
   6.606747;15.045318;3.333418;,
   7.846462;15.247401;1.737926;,
   8.517377;14.508011;2.248285;,
   8.614667;15.083858;0.000007;,
   9.393839;14.291829;0.000007;,
   8.449409;14.401508;-2.248268;,
   7.846461;15.247401;-1.737909;,
   7.758100;15.587322;-1.443843;,
   6.606744;15.045320;-3.333401;,
   6.234226;15.775838;-2.847215;,
   6.722773;16.315485;-2.492307;,
   7.779094;17.543755;-1.547404;,
   8.203680;16.420712;-0.754945;,
   8.348166;16.126087;0.000007;,
   -5.864999;7.081398;-0.967098;,
   -4.825500;6.001599;-1.306398;,
   -4.256499;6.752198;-1.124297;,
   -7.001101;7.325798;-1.718897;,
   -6.454500;8.185099;-0.892197;,
   -6.141899;6.314599;-1.259598;,
   -5.613199;5.111197;-1.367097;,
   -4.972799;4.913198;-2.069997;,
   -5.706100;4.332298;-2.030598;,
   -5.023099;4.949497;-2.795698;,
   -6.012200;4.474198;-2.701099;,
   -6.438299;5.377398;-3.004798;,
   -7.273199;4.935998;-2.860499;,
   -6.119299;4.528198;-1.261997;,
   -6.541100;5.532098;-1.150398;,
   -7.098700;6.526196;-1.609198;,
   -7.499800;6.631298;-1.789197;,
   -7.355500;7.419198;-1.883698;,
   -6.994700;8.414997;-1.793997;,
   -7.530799;8.297298;-1.947598;,
   -7.767099;9.015299;-2.013997;,
   -7.142800;9.308599;-1.891198;,
   -7.213300;4.801698;-1.151798;,
   -7.380400;5.723698;-1.626297;,
   -7.957299;5.968498;-1.735398;,
   -7.871398;5.043897;-1.617298;,
   -8.505999;5.364497;-1.759097;,
   -8.539299;4.353198;-1.763297;,
   -7.970300;4.133999;-1.643097;,
   -8.333299;2.943898;-1.880299;,
   -7.817399;2.906298;-1.750098;,
   -7.313600;3.987998;-1.291397;,
   -6.354000;3.856899;-1.259298;,
   -5.817699;3.799799;-2.007198;,
   -6.321700;3.924698;-2.715397;,
   -7.200399;2.856799;-1.454897;,
   -6.371300;2.883199;-1.263498;,
   -7.849098;1.949098;-1.804097;,
   -7.410800;4.181599;-2.788698;,
   -8.038899;4.352299;-2.128798;,
   -7.919798;3.142899;-2.207198;,
   -7.251299;3.131599;-2.870198;,
   -6.238199;3.103199;-2.817397;,
   -5.818499;2.888398;-1.982998;,
   -5.817699;3.799799;-2.007198;,
   -6.354000;3.856899;-1.259298;,
   -7.693399;0.737099;-2.132898;,
   -7.370599;0.466998;-2.945597;,
   -7.947898;0.196998;-2.489297;,
   -8.291198;0.850698;-2.042798;,
   -8.393198;1.726998;-1.982698;,
   -8.102036;11.087317;-1.337929;,
   -8.142719;10.227262;-0.928413;,
   -9.127939;10.443247;-1.159142;,
   -7.337400;10.382798;-0.965497;,
   -7.391602;10.025299;-0.000001;,
   -8.183475;9.835871;-0.000002;,
   -9.069845;9.617729;-0.000002;,
   -10.294531;10.158236;-1.091671;,
   -10.221866;9.285122;0.000000;,
   -12.923949;9.450808;-1.070162;,
   -11.449856;8.959814;-0.000002;,
   -12.836310;8.672517;-0.000002;,
   -11.573338;9.790432;-1.085577;,
   -10.459442;11.305519;-0.954146;,
   -9.216648;11.524709;-1.008062;,
   -8.144163;11.957695;-0.919506;,
   -7.457000;11.527699;-1.332898;,
   -11.696319;11.048436;-0.932187;,
   -6.699801;13.326899;-0.000001;,
   -5.729501;13.758498;-1.397997;,
   -6.754200;12.963297;-1.122197;,
   -7.420301;12.687197;-0.000001;,
   -7.403502;12.334099;-0.854898;,
   -8.135914;12.441959;-0.000001;,
   -9.258602;12.067154;-0.000001;,
   -10.505301;11.711095;-0.000000;,
   -11.804309;11.406110;-0.000001;,
   -4.267301;12.192497;-3.168497;,
   -5.851100;12.728798;-2.305497;,
   -4.462602;13.534299;-2.364098;,
   -6.824400;12.217898;-1.940797;,
   1.028100;10.345999;-3.370697;,
   -0.556300;8.990099;-2.462197;,
   -0.596700;10.722099;-3.140397;,
   -2.043900;10.770298;-2.601698;,
   -1.843801;12.804997;-2.850897;,
   -2.852701;12.533399;-2.944598;,
   -3.067601;13.754498;-2.281597;,
   -4.386402;14.377499;-1.240898;,
   -5.561502;14.116797;-0.000001;,
   -2.228500;9.009901;-1.980198;,
   -1.817801;13.717099;-2.147297;,
   -2.915901;14.373200;-1.138797;,
   -2.769001;14.472801;-0.000001;,
   -1.810201;14.303900;-1.101097;,
   -4.238101;14.537799;-0.000001;,
   -0.887701;14.367899;-0.000001;,
   -1.773201;14.366998;-0.000001;,
   -2.786000;7.758099;-1.953497;,
   -3.262700;8.264300;-1.000597;,
   -3.600600;7.611598;-1.011697;,
   -1.730200;8.442498;-1.240898;,
   -0.445200;8.129699;-1.491897;,
   -0.443500;7.726798;-0.000001;,
   -1.893200;8.253499;-0.000001;,
   -3.205600;8.398300;-0.000001;,
   -4.444800;8.154698;-0.501397;,
   -4.686200;8.442898;-0.000001;,
   -5.580100;8.337999;-0.464197;,
   -6.168700;8.781298;-0.000001;,
   -6.577701;8.816399;-0.774098;,
   -4.742700;7.737398;-0.635497;,
   -5.593800;7.937298;-0.612598;,
   -6.621000;9.557498;-0.000001;,
   -6.851501;9.676399;-0.798598;,
   -7.391602;10.025299;-0.000001;,
   -7.337400;10.382798;-0.965497;,
   -7.249300;9.825196;-1.757597;,
   5.753639;20.501152;-1.558455;,
   4.241053;18.878807;-2.762255;,
   3.537697;20.259178;-1.722094;,
   5.960338;19.084606;-2.372910;,
   5.289570;17.270416;-3.054108;,
   6.598817;17.810328;-2.393409;,
   7.876757;19.124804;-1.719855;,
   7.779094;17.543755;-1.547404;,
   6.722773;16.315485;-2.492307;,
   4.639992;16.362036;-3.286973;,
   2.540924;16.813768;-3.005309;,
   1.128757;17.121834;-1.797600;,
   6.234226;15.775838;-2.847215;,
   1.060401;15.969318;-2.121911;,
   2.654785;15.652137;-3.217734;,
   4.914757;15.408279;-3.514167;,
   6.606744;15.045320;-3.333401;,
   8.047953;20.138309;-1.324726;,
   5.602520;21.081341;0.000007;,
   8.346025;20.896400;0.000006;,
   3.513423;20.816257;0.000006;,
   1.972743;19.946152;0.000006;,
   0.444688;17.168465;0.000010;,
   0.169061;16.192564;0.000009;,
   -8.001598;5.106297;-2.250798;,
   -7.334899;5.704597;-2.126099;,
   -7.971199;5.968698;-1.496699;,
   -8.507498;5.356798;-1.414398;,
   -8.548499;4.354399;-1.419998;,
   -7.498599;6.626398;-1.543297;,
   -5.113500;5.935198;-3.403097;,
   -6.254700;6.337197;-2.958897;,
   -6.948400;6.491198;-2.025398;,
   -7.364400;7.453898;-1.636597;,
   -6.714601;7.393898;-2.048798;,
   -6.778400;8.333899;-2.203597;,
   -5.950800;7.179197;-3.034598;,
   -7.541100;8.295698;-1.769898;,
   -7.774499;9.006898;-1.829797;,
   -7.134300;9.316598;-1.909397;,
   -7.142800;9.308599;-1.891198;,
   -7.249300;9.825196;-1.757597;,
   -7.340401;10.631700;-1.654699;,
   -6.730200;9.975399;-2.668297;,
   -6.673500;9.245998;-2.668997;,
   -5.722200;8.170799;-3.260297;,
   -4.603099;6.834898;-3.546998;,
   -5.595600;10.431297;-3.287197;,
   -6.833200;11.127100;-2.418099;,
   -5.683601;11.682199;-2.948898;,
   -5.622200;9.261598;-3.386098;,
   -4.261899;7.965497;-3.708598;,
   -3.169599;6.678699;-3.106798;,
   -4.016799;5.679198;-2.989199;,
   -3.954499;5.753299;-2.086197;,
   -2.677699;7.768999;-3.198298;,
   -4.119299;9.115598;-3.879398;,
   -4.102700;10.618698;-3.624797;,
   -2.606499;9.210099;-3.285297;,
   -2.649499;10.585799;-3.247897;,
   -3.251099;6.682798;-2.037998;,
   7.569066;13.519006;3.644895;,
   5.452419;13.525902;4.215326;,
   7.137883;11.670031;4.378277;,
   5.736375;14.430128;3.635773;,
   4.079975;14.618418;3.143877;,
   4.164691;14.950766;2.938788;,
   8.953045;13.303375;2.680384;,
   8.255617;10.297185;3.099741;,
   7.423041;14.738638;2.713659;,
   5.585186;15.145563;3.061251;,
   3.900687;15.290508;2.839336;,
   2.722189;14.836322;1.880386;,
   9.846568;12.618508;1.476698;,
   9.124285;9.594074;1.717242;,
   8.384800;14.287538;1.627935;,
   7.501127;15.094582;1.274379;,
   6.776153;15.477687;2.234421;,
   5.153164;15.970362;2.744151;,
   3.397103;16.514765;2.583600;,
   2.442711;15.118704;1.820296;,
   2.206890;13.203533;0.000010;,
   1.640448;14.936633;0.000009;,
   1.948797;16.763355;1.560495;,
   2.442711;15.118704;1.820296;,
   3.644847;18.525343;2.465311;,
   5.162190;17.217802;2.640309;,
   6.741949;16.079990;1.987913;,
   7.297275;15.527131;1.057240;,
   2.936269;19.577030;1.429389;,
   1.367735;17.127203;0.000008;,
   2.451965;19.833096;0.000006;,
   7.561707;15.339007;0.000007;,
   7.921397;14.914637;0.000007;,
   9.050636;14.290661;0.000006;,
   10.131476;12.542057;0.000005;,
   10.457853;11.603743;0.000004;,
   9.545663;9.187721;0.000007;,
   9.124283;9.594074;-1.717226;,
   10.457853;11.603743;0.000004;,
   9.545663;9.187721;0.000007;,
   9.787129;12.524652;-1.476686;,
   10.131476;12.542057;0.000005;,
   8.255617;10.297185;-3.099725;,
   9.050636;14.290661;0.000006;,
   7.137884;11.670031;-4.378262;,
   8.953041;13.303375;-2.680371;,
   8.384798;14.287539;-1.627919;,
   7.921397;14.914637;0.000007;,
   7.501126;15.094584;-1.274362;,
   7.561707;15.339007;0.000007;,
   7.297276;15.527134;-1.057223;,
   6.776152;15.477687;-2.234405;,
   6.741949;16.079990;-1.987896;,
   5.585184;15.145563;-3.061235;,
   5.153162;15.970360;-2.744134;,
   7.389194;14.723583;-2.713644;,
   7.569065;13.519005;-3.644881;,
   5.452422;13.525901;-4.215309;,
   5.736375;14.430127;-3.635755;,
   4.079976;14.618418;-3.143860;,
   4.164691;14.950766;-2.938772;,
   3.900685;15.290509;-2.839318;,
   3.397102;16.514765;-2.583582;,
   2.722189;14.836322;-1.880368;,
   2.442709;15.118704;-1.820276;,
   1.948795;16.763378;-1.560475;,
   1.640448;14.936633;0.000009;,
   1.367735;17.127203;0.000008;,
   2.206890;13.203533;0.000010;,
   5.162192;17.217802;-2.640292;,
   3.644849;18.525345;-2.465295;,
   2.936271;19.577032;-1.429374;,
   2.451965;19.833096;0.000006;,
   5.103118;18.865168;3.135988;,
   4.119114;17.740551;3.549957;,
   5.272917;17.692446;3.235313;,
   3.951245;18.949385;3.395221;,
   3.948720;20.839422;2.396150;,
   5.503205;20.504574;2.325172;,
   4.404643;21.961533;1.224717;,
   5.954237;21.533928;1.277992;,
   6.779739;20.134380;2.112600;,
   6.321830;18.769897;2.750523;,
   6.246422;17.697767;2.841026;,
   5.557780;16.452599;3.175512;,
   4.568729;16.268435;3.424156;,
   3.079252;16.702019;3.745567;,
   2.269839;17.683229;3.852372;,
   6.730197;16.626490;2.589777;,
   1.671886;17.992239;3.678430;,
   2.163593;20.017374;2.984040;,
   2.225207;21.346634;2.038797;,
   2.275822;22.181561;0.968856;,
   2.228506;22.424877;0.000006;,
   4.620846;22.293005;0.000006;,
   6.151924;21.978397;0.000007;,
   7.187762;21.105726;1.123865;,
   7.403082;21.373728;0.000007;,
   5.503206;20.504574;-2.325155;,
   4.404644;21.961531;-1.224701;,
   5.954237;21.533930;-1.277977;,
   3.948720;20.839422;-2.396134;,
   5.103119;18.865168;-3.135971;,
   3.951247;18.949385;-3.395206;,
   4.119114;17.740551;-3.549941;,
   5.272917;17.692446;-3.235297;,
   6.779740;20.134382;-2.112583;,
   6.321831;18.769899;-2.750505;,
   6.246422;17.697767;-2.841009;,
   5.557781;16.452597;-3.175497;,
   4.568729;16.268436;-3.424139;,
   3.079254;16.702015;-3.745549;,
   2.269840;17.683228;-3.852357;,
   6.730196;16.626488;-2.589761;,
   7.187762;21.105726;-1.123850;,
   2.050157;18.739258;-3.678412;,
   2.163594;20.017372;-2.984027;,
   2.225207;21.346638;-2.038781;,
   2.275822;22.181559;-0.968841;,
   2.228506;22.424877;0.000006;,
   4.620846;22.293005;0.000006;,
   6.151924;21.978397;0.000007;,
   7.403082;21.373728;0.000007;,
   6.046042;16.201792;3.121149;,
   6.761050;17.032187;2.784552;,
   5.430328;17.570797;3.377001;,
   6.733494;18.639700;2.760920;,
   5.171221;19.184752;3.473223;,
   5.795340;20.705988;2.591980;,
   4.053424;17.547882;3.888330;,
   3.979748;19.297489;3.914060;,
   4.873837;16.029509;3.598881;,
   6.336047;15.305691;3.391194;,
   7.147891;15.437954;2.838543;,
   7.613484;15.804838;2.352524;,
   7.750982;17.115744;1.962952;,
   7.852559;18.360298;2.005369;,
   8.011595;16.159990;1.709240;,
   7.333401;19.825958;2.157963;,
   6.343996;21.753271;1.443875;,
   8.108866;20.668680;1.114294;,
   6.679762;22.233498;0.000007;,
   8.407076;20.842236;0.000007;,
   8.108866;20.668680;-1.114279;,
   8.974115;19.657007;-0.652446;,
   9.142473;19.761744;0.000007;,
   8.974115;19.657007;0.652461;,
   8.490696;19.270939;1.417947;,
   6.343995;21.753271;-1.443859;,
   5.143068;22.866978;-0.774557;,
   5.361096;23.017504;0.000007;,
   5.143068;22.866978;0.774573;,
   4.872478;22.314352;1.619794;,
   4.519525;21.282600;2.982540;,
   4.872478;22.314352;-1.619777;,
   7.852560;18.360298;-2.005354;,
   7.333400;19.825958;-2.157947;,
   8.490696;19.270937;-1.417930;,
   8.108866;20.668680;-1.114279;,
   8.974115;19.657007;-0.652446;,
   6.343995;21.753271;-1.443859;,
   5.795339;20.705988;-2.591965;,
   4.872478;22.314352;-1.619777;,
   4.519526;21.282600;-2.982525;,
   5.171221;19.184752;-3.473207;,
   3.979750;19.297489;-3.914045;,
   4.053424;17.547880;-3.888314;,
   5.430328;17.570797;-3.376984;,
   6.733494;18.639700;-2.760903;,
   6.761050;17.032188;-2.784535;,
   6.046042;16.201792;-3.121132;,
   4.873837;16.029507;-3.598865;,
   6.336048;15.305691;-3.391177;,
   7.147891;15.437954;-2.838527;,
   7.613484;15.804838;-2.352508;,
   7.750982;17.115744;-1.962935;,
   8.011595;16.159992;-1.709224;,
   4.185912;15.211473;2.555300;,
   5.373121;15.156187;3.049632;,
   3.860232;15.544565;2.389519;,
   5.660863;14.580757;3.535975;,
   7.082177;14.554806;2.852743;,
   4.065415;14.664797;2.886660;,
   4.222704;13.854681;3.333391;,
   5.545989;13.535272;3.933096;,
   7.369464;13.436075;3.517498;,
   8.300079;14.265556;1.638127;,
   9.171755;9.398822;0.000007;,
   8.223419;8.399613;1.684677;,
   8.432396;7.953415;0.000007;,
   8.652960;9.698873;1.604676;,
   9.737936;12.414389;0.000005;,
   9.475896;13.074780;2.184951;,
   8.765371;14.167018;0.000005;,
   7.174850;11.852101;4.210443;,
   5.345206;12.739254;4.435267;,
   7.647745;9.298459;2.990435;,
   7.989459;10.555650;3.014639;,
   6.711246;10.585984;4.210158;,
   5.373119;15.156187;-3.049614;,
   4.185911;15.211473;-2.555284;,
   3.860230;15.544565;-2.389503;,
   5.660864;14.580757;-3.535959;,
   4.065417;14.664795;-2.886643;,
   7.082175;14.554806;-2.852726;,
   8.300078;14.265556;-1.638111;,
   7.369465;13.436075;-3.517482;,
   5.545989;13.535273;-3.933080;,
   4.222706;13.854681;-3.333376;,
   5.345209;12.739254;-4.435249;,
   7.174850;11.852102;-4.210425;,
   9.475893;13.074780;-2.184940;,
   8.765371;14.167018;0.000005;,
   9.737936;12.414389;0.000005;,
   8.652960;9.698873;-1.604660;,
   9.171755;9.398822;0.000007;,
   8.223419;8.399613;-1.684660;,
   8.432396;7.953415;0.000007;,
   6.711247;10.585985;-4.210142;,
   7.989459;10.555649;-3.014622;,
   7.647745;9.298460;-2.990418;,
   0.416544;18.586348;0.000009;,
   0.887948;18.094833;2.174690;,
   2.149918;20.968155;0.000006;,
   3.482192;20.888170;1.980277;,
   3.703621;21.629265;0.000006;,
   3.891176;19.089359;2.914993;,
   2.243368;16.990816;3.138487;,
   5.012276;17.558792;3.281698;,
   4.595878;16.498249;3.437927;,
   6.181714;19.594913;2.507883;,
   6.218734;20.993315;1.619543;,
   6.136468;21.636517;0.000007;,
   8.348551;20.874655;0.000007;,
   8.100618;20.194592;1.449354;,
   7.853199;19.255209;1.995856;,
   6.509341;18.188295;2.730021;,
   7.699739;17.874662;2.007627;,
   2.149918;20.968155;0.000006;,
   0.887948;18.094833;-2.174669;,
   0.416544;18.586348;0.000009;,
   3.703621;21.629265;0.000006;,
   3.482193;20.888170;-1.980262;,
   3.891177;19.089359;-2.914976;,
   2.243367;16.990814;-3.138468;,
   5.012277;17.558792;-3.281681;,
   4.595878;16.498253;-3.437912;,
   6.181714;19.594913;-2.507867;,
   6.218734;20.993315;-1.619528;,
   6.136468;21.636517;0.000007;,
   8.348551;20.874655;0.000007;,
   8.100616;20.194592;-1.449337;,
   7.853199;19.255209;-1.995840;,
   6.509341;18.188297;-2.730004;,
   7.699739;17.874662;-2.007611;,
   8.442812;16.091936;1.365694;,
   8.753387;15.304144;0.808622;,
   8.627581;15.843731;0.646907;,
   8.305655;15.581251;1.701441;,
   8.231749;16.468658;1.827831;,
   7.831026;16.086411;2.188263;,
   8.849930;15.299383;0.000007;,
   8.744030;15.759746;0.000007;,
   8.948587;16.276993;0.000007;,
   8.905681;16.364588;0.594447;,
   8.822440;16.563387;1.092001;,
   8.762564;16.859543;1.382622;,
   8.721019;16.926224;1.421455;,
   8.108028;17.002914;2.048437;,
   7.553669;16.706022;2.543028;,
   7.405957;17.390173;2.545908;,
   8.741488;16.911943;1.373003;,
   8.762175;16.877157;1.356842;,
   9.080647;17.150347;1.122108;,
   9.629328;17.560179;0.000008;,
   9.171314;17.688742;1.024490;,
   8.819614;17.564444;1.384724;,
   8.444340;17.530962;1.788519;,
   7.981197;17.649719;2.131258;,
   7.337940;17.987207;2.618242;,
   6.444492;17.729506;3.353930;,
   6.794954;16.575432;3.213701;,
   9.121168;18.217236;1.091453;,
   8.952837;18.048439;1.268459;,
   8.751835;17.917315;1.512232;,
   8.451269;17.907095;1.741440;,
   8.170834;18.043507;1.853773;,
   7.786957;18.120964;2.181982;,
   7.362363;18.304653;2.676168;,
   9.447298;18.268602;0.955003;,
   9.031979;18.430559;1.416708;,
   9.708097;17.971298;0.000009;,
